#SNL          PGA         PGV         PGD         PA3         PV3         PD3         TauC3       PGA_LT      PGV_LT      E_Dist         SNR
A002.TW.10   27.001944    5.905667    4.290636    0.664383    0.043747    0.035057    4.931529   19.330000   20.570000  221.605850       3.621765
A003.TW.10   30.392910    7.467407    5.332073   -1.000000   -1.000000   -1.000000   -1.000000   -1.000000   -1.000000  217.110779       0.000000
A004.TW.10   31.864042    6.596053    4.271390    0.251286    0.002393    0.000503    2.444388   21.279999   32.340000  219.550629       2.384848
A006.TW.10    0.000000    0.000000    0.000000    0.000000    0.000000    0.000000    0.000000   -1.000000   -1.000000  218.776337       0.000000
A007.TW.10   24.072479    3.616300    3.433230    0.305368    0.004945    0.004544   10.000000    4.050000    1.920000  216.552048       5.409008
A008.TW.10   22.707140    5.104837    3.579624    1.064189    0.056205    0.018833    2.120150   17.369999   28.619999  217.167236      17.424402
A009.TW.10   30.087538    4.756522    2.883395    0.585490    0.037318    0.017782    4.119738   31.510000   31.349998  218.261078       5.546701
A010.TW.10   24.917610    5.668843    4.282119   -1.000000   -1.000000   -1.000000   -1.000000   -1.000000   -1.000000  215.093460       1.368420
A013.TW.10   21.092886    5.565279    4.003499    2.754528    0.152167    0.038387    3.309155   21.070000   36.799999  214.952850      12.942039
A014.TW.10   26.150419    5.678248    7.176371    1.258545    0.087227    0.079375   10.000000   18.830000   23.680000  215.257599       6.218988
A015.TW.10   25.899969    5.084062    2.932415    0.516201    0.012800    0.009156    7.322779   16.820000   25.879999  215.080521       3.803908
A016.TW.10   22.937634    4.638267    5.292465    1.134434    0.153288    0.059990    4.675889   20.420000   15.750000  214.116776       8.235719
A020.TW.10   24.165140    5.119276    4.193003    1.680888    0.111677    0.056703    4.658873   13.929999   26.639999  212.903931       4.319321
A024.TW.10   22.068125    3.743911    4.974425    1.327261    0.139580    0.041589    3.772767   17.660000   28.090000  210.001846      36.101994
A025.TW.10   22.598267    5.051279    4.485689   -1.000000   -1.000000   -1.000000   -1.000000   -1.000000   -1.000000  210.722229       0.000000
A026.TW.10   28.930035    4.227013    3.877299    0.417367    0.002914    0.018881   10.000000   20.359999   17.000000  210.141190       2.364575
A030.TW.10   18.208857    3.964341    3.236897    1.906760    0.125314    0.019734    1.892398   20.150000   26.840000  208.633926       5.922604
A032.TW.10   35.484745    4.400551    4.143455   -1.000000   -1.000000   -1.000000   -1.000000   -1.000000   -1.000000  207.959946       0.000000
A034.TW.10   15.465685    2.122964    2.917533    0.853009    0.055100    0.027927    3.903692   17.639999   32.860001  203.801590       4.699680
A036.TW.10    5.578083    1.639983    2.244334    0.578741    0.060187    0.035559    5.428647   15.549999   24.949999  198.471039       6.900534
A038.TW.10    0.000000    0.000000    0.000000    0.000000    0.000000    0.000000    0.000000   -1.000000   -1.000000  209.669861       0.000000
A039.TW.10   17.178526    2.556324    4.237677    1.512846    0.098156    0.049406    4.771987   20.600000   30.730000  199.556763      21.120216
A043.TW.10   19.030426    4.071372    4.392089   -1.000000   -1.000000   -1.000000   -1.000000   -1.000000   -1.000000  206.060455       0.000000
A046.TW.10    6.092415    1.647878    2.543308    0.800122    0.044611    0.017456    2.585437    9.380000   35.590000  225.129272       3.491883
A047.TW.10    0.000000    0.000000    0.000000    0.000000    0.000000    0.000000    0.000000   -1.000000   -1.000000  201.212341       0.000000
A049.TW.10   24.780882    4.148114    4.737772    1.148531    0.126821    0.039213    2.519660   20.270000   28.449999  223.668869       7.480038
A051.TW.10   15.290092    4.162526    4.732671   -1.000000   -1.000000   -1.000000   -1.000000   -1.000000   -1.000000  218.525772       0.000000
A052.TW.10   16.839106    3.776336    5.973150   -1.000000   -1.000000   -1.000000   -1.000000   -1.000000   -1.000000  215.739700       0.000000
A054.TW.10   20.242771    4.727316    4.501662   -1.000000   -1.000000   -1.000000   -1.000000   -1.000000   -1.000000  207.188736       0.000000
A057.TW.10   17.110577    2.389328    2.582577    0.824575    0.002525    0.003922   10.000000   10.969999   14.170000  220.654022       3.884657
A059.TW.10    7.441535    1.386732    2.359365    1.243450    0.174366    0.058184    2.760095   14.530000   31.879999  228.831314      21.060444
A060.TW.10    7.418453    1.501644    2.201076    0.780980    0.119112    0.024723    1.791369   11.219999   32.489998  229.586044       7.308421
A061.TW.10    9.033726    1.743189    2.462841    0.894782    0.055030    0.016168    2.761785   11.809999   36.309998  227.829224       3.713037
A063.TW.10    9.406471    1.813245    2.573404    0.476432    0.025091    0.015176    4.936234   10.510000   33.049999  224.459045       2.324290
A065.TW.10    6.147480    1.892155    2.395001    0.532594    0.055313    0.025012    4.565835   12.480000   36.480000  230.043808       2.136144
A066.TW.10    9.321512    2.122614    3.112956    1.234884    0.101518    0.025380    2.471688   18.139999   22.510000  228.713547      11.987927
A071.TW.10   14.842698    2.677840    2.713745    1.113054    0.086684    0.016522    1.795657   18.559999   17.029999  210.501785       7.263851
A072.TW.10    0.000000    0.000000    0.000000    0.000000    0.000000    0.000000    0.000000   -1.000000   -1.000000  210.205902       0.000000
A075.TW.10    0.000000    0.000000    0.000000    0.000000    0.000000    0.000000    0.000000   -1.000000   -1.000000  216.076233       0.000000
A078.TW.10    4.981722    1.354712    1.892469    0.555443    0.052102    0.012085    2.066507   15.040000   15.080000  220.406296       3.525931
A083.TW.10   10.387434    3.039318    4.382608    0.721184    0.047644    0.023555    4.294303   18.059999   17.770000  236.592712       7.027396
A084.TW.10    9.658391    2.642149    2.689610    0.434879    0.032185    0.057751   10.000000   22.180000   21.910000  234.904633       2.900797
A085.TW.10    7.320967    1.622236    1.886304    0.939533    0.083929    0.023109    2.092124   12.200000   20.100000  205.875443       6.123977
A103.TW.10   35.283646    5.335426    7.230279    0.590945    0.041635    0.023138    4.423701   19.639999   14.080000  221.941666       3.928317
A107.TW.10    9.780798    1.648134    2.371473    0.904429    0.072106    0.048652    8.231892   12.059999   11.860000  227.454712       4.886078
A112.TW.10    2.258910    1.701295    2.233654    0.781715    0.063036    0.061505    6.903793   25.240000   61.529999  289.669189      16.968412
A115.TW.10   29.108528    3.876114    3.957698    0.797510    0.071873    0.031363    3.635588   22.209999   31.740000  206.646347       4.078390
A124.TW.10    5.421235    1.599807    2.027451    0.845402    0.065228    0.024538    4.145098   15.230000   23.170000  194.260315       7.002877
A125.TW.10   12.653050    2.326298    2.511602    0.849723    0.061656    0.019826    2.330393   16.410000   31.510000  218.461411       6.431110
A127.TW.10    5.721872    1.072645    1.809640    0.865757    0.099170    0.064599    6.354414   13.759999   24.809999  212.629990       7.896858
A128.TW.10   18.119059    3.861839    4.511427   -1.000000   -1.000000   -1.000000   -1.000000   -1.000000   -1.000000  225.637161       1.319665
A129.TW.10    0.000000    0.000000    0.000000    0.000000    0.000000    0.000000    0.000000   -1.000000   -1.000000  183.922729       0.000000
A130.TW.10   11.515108    1.813808    2.670312    0.923378    0.054623    0.019642    2.684677    1.680000    4.710000  226.705002      10.796393
A131.TW.10   27.845072    3.849702    2.779139   -1.000000   -1.000000   -1.000000   -1.000000   -1.000000   -1.000000  216.507080       0.000000
B003.TW.10    0.000000    0.000000    0.000000    0.000000    0.000000    0.000000    0.000000   -1.000000   -1.000000  211.135986       0.000000
B004.TW.10    0.000000    0.000000    0.000000    0.000000    0.000000    0.000000    0.000000   -1.000000   -1.000000  212.661011       0.000000
B006.TW.10   14.183243    5.806100    7.053631    1.215951    0.171944    0.080752    4.804358   23.439999   40.360001  196.045685      15.133104
B011.TW.10   18.372007    4.129362    5.018706    1.763156    0.140833    0.058540    4.383223   21.709999   35.719997  193.370239      22.062229
B012.TW.10   20.221882    5.142200    6.156556    1.595802    0.116652    0.078015    4.157658   23.369999   35.639999  199.185364       4.767834
B013.TW.10   17.338820    5.874681    7.749278    1.936457    0.138005    0.062477    4.265304   23.930000   35.380001  190.950638       4.329709
B014.TW.10   17.100237    5.217898    5.281900    1.454774    0.199734    0.050325    3.010206   20.689999   33.739998  211.296875      11.172714
B016.TW.10   24.511961    9.324065    7.830886    0.964252    0.059694    0.035035    6.034832   20.740000   21.139999  186.981522      12.370429
B017.TW.10   19.728102    4.785728    7.363530    2.572450    0.157490    0.085151    3.613945   23.019999   30.709999  182.425201      34.088684
B018.TW.10   14.446554    5.892837    6.384464    0.760499    0.121508    0.080499    7.536469   22.799999   39.799999  193.079971       5.960731
B019.TW.10   14.851175    6.013870    6.058568    0.959217    0.073934    0.038090    5.005122   19.309999   17.830000  196.195297       7.632997
B021.TW.10   12.444547    4.615331    7.230669    1.241698    0.070265    0.048243    4.996354   18.510000   33.209999  182.978622      15.431032
B022.TW.10   18.751770    5.740905    7.106938    1.705923    0.182791    0.092876    4.181834   20.949999   29.500000  181.485367      16.951159
B023.TW.10   18.431549    7.116687    5.852966    2.077758    0.131701    0.037788    3.242764   23.820000   29.679998  175.092178       5.425915
B024.TW.10   22.396667    5.373979    5.826492    0.680367    0.007301    0.001762    5.206730   18.510000   28.869999  177.096725       3.671987
B026.TW.10   29.634289    5.232525    7.106967    1.243470    0.110270    0.073156    4.759274   19.639999   33.299999  181.319412      14.742034
B027.TW.10   12.381372    6.883687    7.592537    1.152213    0.108664    0.064329    3.634372   21.299999   34.669998  187.622192      10.602449
B028.TW.10   25.754002    4.845905    5.528615    2.257057    0.167572    0.085157    4.803728   20.350000   27.570000  173.425690      24.329317
B029.TW.10   27.566656    8.182992    4.058751    1.457022    0.207217    0.030667    1.533813   16.119999   16.250000  163.355850      13.252313
B030.TW.10   23.842100    4.523654    4.048068    2.323021    0.216559    0.072095    2.903698   14.719999   15.719999  163.358978      38.707237
B032.TW.10    0.000000    0.000000    0.000000    0.000000    0.000000    0.000000    0.000000   -1.000000   -1.000000  157.819809       0.000000
B033.TW.10   24.979538    6.536037    5.979137    0.336435    0.003123    0.010955   10.000000   18.850000   28.750000  174.218704       6.435239
B034.TW.10   29.345308    5.473888    4.451556    2.016359    0.197612    0.094196    3.249781   18.859999   17.670000  169.387909      12.943783
B035.TW.10   36.633430    6.372029    5.362331    1.030573    0.002689    0.000343    1.771724   14.920000   19.129999  168.338547      13.391595
B036.TW.10   37.330193    7.703662    5.339500    5.363899    0.472354    0.063608    1.301045   20.680000   22.139999  153.282806     483.800476
B037.TW.10   32.667015    6.477344    5.012495    2.910639    0.105843    0.053910    6.062467   13.530000   25.080000  158.694809      31.962595
B039.TW.10   61.082458   15.865520    5.146301    5.485126    0.327786    0.083978    1.767659   18.369999   18.119999  155.184769      96.898010
B041.TW.10   30.018238    6.287331    3.986334    2.604582    0.247517    0.042906    1.769775   21.350000   21.549999  147.655151      48.869541
B043.TW.10   19.825493    4.904494    4.719796    1.950609    0.206249    0.062423    1.902190   25.250000   26.439999  173.031570      16.902899
B045.TW.10   21.587242    5.497724    4.015148    2.960179    0.175298    0.054021    2.064621   16.609999   16.199999  157.634277      66.420746
B049.TW.10   16.532570    3.248155    3.723920    3.666147    0.192215    0.058736    2.631962   17.779999   26.889999  125.704117       6.091379
B050.TW.10    0.000000    0.000000    0.000000    0.000000    0.000000    0.000000    0.000000   -1.000000   -1.000000  128.482010       0.000000
B051.TW.10   32.981380    5.097148    4.021873    0.592927    0.002455    0.002540   10.000000   17.449999   17.580000  125.675934       4.985765
B053.TW.10   14.811946    4.065451    3.254826    3.508408    0.146968    0.061272    5.087690   17.619999   25.139999  128.036194      82.177994
B056.TW.10    0.000000    0.000000    0.000000    0.000000    0.000000    0.000000    0.000000   -1.000000   -1.000000  126.587051       0.000000
B059.TW.10   43.293171    7.464551    4.753485    0.291081    0.004250    0.002655    8.920431   19.740000   27.939999  140.288834       5.271598
B060.TW.10   22.151281    2.906221    3.474320    0.166108    0.001229    0.020395   10.000000   17.650000   25.959999  132.284073       5.364836
B061.TW.10   36.284290    8.726239    7.118818    2.621819    0.169150    0.056899    3.242999   17.260000   48.919998  128.206131      33.990875
B062.TW.10   25.525257    5.151045    4.809598   -1.000000   -1.000000   -1.000000   -1.000000   -1.000000   -1.000000  120.114403       0.000000
B063.TW.10    0.000000    0.000000    0.000000    0.000000    0.000000    0.000000    0.000000   -1.000000   -1.000000  122.253815       0.000000
B066.TW.10   21.477800    3.294581    2.883853    4.397600    0.218737    0.039028    1.921916   17.039999   17.279999  129.225937      59.484642
B068.TW.10   29.697166    7.526231    4.630855    9.928856    0.655540    0.113749    1.737549   17.150000   27.949999  133.131073      76.350403
B069.TW.10   48.198341    6.584734    3.844125   11.761827    0.593627    0.154013    5.034892   17.109999   16.850000  129.585495     352.010803
B070.TW.10   43.931236    5.533171    4.572685    0.289372    0.002282    0.048286   10.000000   15.860000   26.170000  134.598999       5.369936
B071.TW.10   25.537943    4.371190    3.730317    2.440499    0.166646    0.074362    2.778048   14.940000   27.219999  102.203613     109.106728
B073.TW.10   14.045280    3.435966    2.266532    3.219929    0.154520    0.086314    8.172532   15.549999   21.770000   99.743469      20.138720
B077.TW.10   59.023537    5.574483    5.043061   11.589216    0.771917    0.076139    0.789419   11.429999   19.439999   86.997673     231.356094
B078.TW.10   28.412981    4.203331    4.193826    4.009363    0.211692    0.066211    3.944483    9.139999   21.490000   82.137146      46.243347
B081.TW.10   20.850342    7.453719    6.943510    1.404463    0.102562    0.084171    5.155676   20.879999   21.170000  187.936981      10.717613
B082.TW.10   19.736593    4.312813    3.902554    2.385702    0.102921    0.061343    4.455311   17.350000   27.059999  123.179848      19.554375
B083.TW.10    0.000000    0.000000    0.000000    0.000000    0.000000    0.000000    0.000000   -1.000000   -1.000000  202.396576       0.000000
B084.TW.10   44.799160    4.996383    3.535256    1.817417    0.135237    0.069204    6.601056   11.800000   15.009999   87.340294      24.523407
B085.TW.10   13.440987    1.769412    3.090594    0.647873    0.052444    0.029816    3.178016   12.070000   20.369999  170.711517      24.236565
B086.TW.10   21.927826   11.030293   11.342031    1.483329    0.152516    0.044769    3.576486   14.480000   77.029999  122.632683      16.587082
B090.TW.10   35.445438    6.664938    5.820211    2.786396    0.195908    0.055216    1.839781   13.280000   19.750000   78.966843     166.358047
B095.TW.10   23.092793    4.793274    5.754683    0.208944    0.001382    0.003443   10.000000   22.359999   19.619999  172.509537       5.429949
B097.TW.10   24.826456    6.953561    7.162560    0.361188    0.003535    0.019440   10.000000   21.529999   20.670000  184.666824       4.509581
B099.TW.10   20.158869    5.034232    4.152780    2.781636    0.162379    0.071805    2.916029   15.089999   26.480000  121.596779      34.950787
B102.TW.10    0.000000    0.000000    0.000000    0.000000    0.000000    0.000000    0.000000   -1.000000   -1.000000  131.684006       0.000000
B103.TW.10   31.060106    5.201149   23.122097    2.436841    0.119168    0.092207   10.000000   17.959999    3.280000  138.429077       9.727451
B104.TW.10   17.512794    4.490799    3.465940    2.145993    0.159955    0.066275    4.257143   18.449999   20.209999  136.343155      56.983353
B107.TW.10   37.705334    7.337494    7.192060    2.434308    0.143228    0.063120    2.912412   21.580000   42.759998  122.844559      22.307026
B110.TW.10   59.495785   15.141386    5.824478    4.590362    0.251810    0.069972    1.985697   19.910000   19.420000  110.746803     120.622681
B111.TW.10   25.937506   10.174370   10.061797    2.468051    0.179518    0.113890    7.234635   29.650000   48.070000  129.476959      35.185524
B112.TW.10   24.359152    7.488302    7.283906    3.021630    0.242442    0.075429    2.870011   16.709999   51.410000  128.225906      44.365715
B115.TW.10   33.813496   12.247766   10.731074    3.934181    0.174867    0.067814    3.007173   23.289999   44.799999  116.796600     107.937080
B116.TW.10    0.000000    0.000000    0.000000    0.000000    0.000000    0.000000    0.000000   -1.000000   -1.000000  100.878708       0.000000
B117.TW.10   11.485312    2.806187    6.575481   -1.000000   -1.000000   -1.000000   -1.000000   -1.000000   -1.000000  132.854568       0.000000
B118.TW.10   28.804455   10.395241    9.318830    3.252840    0.122348    0.063656    3.384027   40.930000   54.299999  123.434273      40.678314
B120.TW.10   22.858791    7.505983    6.727476    3.107308    0.288466    0.098851    3.912376   19.680000   34.139999  109.954735     131.702850
B121.TW.10   31.533249   16.977882   15.825354    4.873080    0.197338    0.077154    3.494512   18.520000   47.000000  112.734795     234.294434
B122.TW.10    0.000000    0.000000    0.000000    0.000000    0.000000    0.000000    0.000000   -1.000000   -1.000000   95.241638       0.000000
B123.TW.10   37.799797    7.308459    6.456099    4.287366    0.216564    0.088271    3.362281   20.449999   41.709999  117.451576     147.184402
B127.TW.10   20.249971    5.186629    5.000305    1.749230    0.114342    0.068110    3.141241   16.949999   16.609999  166.123367      32.236130
B128.TW.10   40.054356    8.719653    4.776042    2.741119    0.244123    0.087955    2.760189   16.240000   17.609999  147.799515     121.812645
B129.TW.10   33.091934    5.952823    5.885507    9.406454    0.538024    0.139243    3.077956   13.190000   24.769999   96.645363    1939.022095
B131.TW.10   26.226824    6.730640    3.681316    2.670660    0.247385    0.086444    2.782061   15.509999   15.660000  162.353958      67.023079
B135.TW.10   29.085783    7.499607    4.524313    2.065973    0.155641    0.062932    3.794421   19.809999   25.709999  143.412872      38.140617
B136.TW.10   18.271214    4.038990    4.128623    3.546519    0.178697    0.032195    1.576118   16.760000   18.270000  135.590149      24.116266
B138.TW.10   32.788795    8.291197    5.295647    4.840642    0.182733    0.053662    1.925990   18.350000   17.840000  105.786476     164.230026
B139.TW.10   38.994949    9.078389    6.970160    3.683671    0.210189    0.075621    2.582242   22.420000   22.869999  109.118408      32.669857
B141.TW.10    0.000000    0.000000    0.000000    0.000000    0.000000    0.000000    0.000000   -1.000000   -1.000000  106.842041       0.000000
B143.TW.10   62.842079    7.965779    5.987129    9.065760    0.566161    0.156331    2.086544   11.770000   11.679999   93.283539     823.301880
B145.TW.10   29.162474   10.134754    8.301949    2.060564    0.113379    0.060928    4.564781   15.929999   67.979996  127.501839      17.573093
B146.TW.10    0.000000    0.000000    0.000000    0.000000    0.000000    0.000000    0.000000   -1.000000   -1.000000  134.201340       0.000000
B149.TW.10   28.008392    6.867790    5.466309    0.460674    0.004345    0.011027   10.000000   25.019999   38.879997  141.587753       2.384034
B162.TW.10   31.334358   11.002421   10.542000    6.604995    0.337399    0.085420    2.142083   18.559999   40.980000  107.030830     142.158188
B168.TW.10   16.635735    5.297780    6.499184    1.491205    0.206361    0.056985    2.564529   18.750000   39.809998  207.333572       8.559748
B170.TW.10   21.312557    4.172826    4.451684    3.203732    0.191613    0.100886    3.693931   16.619999   22.760000  122.596901      58.270210
B171.TW.10   23.210808    7.630491    5.107615   -1.000000   -1.000000   -1.000000   -1.000000   -1.000000   -1.000000  147.325699       0.000000
B172.TW.10   18.522652    4.176627    4.077610    0.260247    0.001673    0.006436   10.000000   17.330000   17.590000  123.115158       2.699663
B173.TW.10   21.489111    6.977587    5.837435    2.431799    0.126793    0.068276    4.929917   18.440001   29.449999  121.026237      29.313656
B174.TW.10   37.085640    7.735676    4.808044   10.944680    0.731595    0.113268    2.746111   15.589999   16.520000  126.917206     153.500961
B175.TW.10   15.721175    6.209838    6.932051    0.853898    0.179489    0.081358    3.705076   27.369999   37.489998  200.887711      10.470046
B176.TW.10   19.198704    4.468185    6.324678    2.200915    0.248442    0.057372    2.644554   24.689999   27.969999  208.858139       8.493659
B177.TW.10   20.800411    5.132556    4.773579    2.228256    0.215610    0.158447    9.591119   18.520000   28.150000  169.759048      21.934519
B178.TW.10   26.855528    9.160447    8.236263    2.175168    0.163173    0.059043    2.477073   16.820000   48.480000  126.994362      33.663448
B179.TW.10   35.260975    7.485363    6.507874    3.885357    0.194859    0.039026    1.469734   16.070000   36.430000  121.855492      98.207283
B180.TW.10   41.062756    8.626008    7.291549    5.836771    0.244812    0.072737    2.174831   22.039999   41.799999  115.650711     120.000343
B181.TW.10   43.973701   12.691927    8.303544    4.370035    0.213405    0.109847    4.364976   28.609999   28.980000  112.162178      45.145531
B182.TW.10   42.366096   10.211897    9.048222    4.023907    0.299980    0.085096    2.356408   23.019999   37.629997  107.979179     155.387405
B183.TW.10    0.000000    0.000000    0.000000    0.000000    0.000000    0.000000    0.000000   -1.000000   -1.000000  114.225609       0.000000
B184.TW.10   33.106636    5.909601    3.616470    2.816138    0.247389    0.100691    4.235894   13.139999   23.670000   81.495995      89.444199
B189.TW.10   11.257643    3.268659    2.546964    3.932043    0.196584    0.094384    5.484667    6.160000   22.969999  118.318146      27.169994
B190.TW.10   23.181950   11.237550   11.291792    2.047818    0.178996    0.057045    4.028716   17.449999   64.919998  124.786438      16.314034
B192.TW.10    0.000000    0.000000    0.000000    0.000000    0.000000    0.000000    0.000000   -1.000000   -1.000000  210.899261       0.000000
B200.TW.10   56.137772   10.264743    4.634936    4.617840    0.352159    0.053459    1.085596   21.080000   21.199999  160.270142      50.026405
B201.TW.10   38.125854    7.027495    6.168413    3.018176    0.146127    0.068361    3.782836   18.350000   42.649998  122.934387      26.447815
B204.TW.10   46.268204    5.118430    2.978992    4.148798    0.248862    0.107536    5.334397   10.160000   10.070000   71.057739     215.303665
B205.TW.10    0.000000    0.000000    0.000000    0.000000    0.000000    0.000000    0.000000   -1.000000   -1.000000  145.426041       0.000000
B207.TW.10   20.347166    2.176380    2.518760    4.904235    0.199576    0.101945    7.871991   11.099999   22.750000  105.683464      16.415413
B208.TW.10   27.372923   13.260552   12.489988   -1.000000   -1.000000   -1.000000   -1.000000   -1.000000   -1.000000  119.062866       0.000000
B209.TW.10   10.641675    4.245409    4.284985    1.472488    0.066301    0.040872    5.917688   20.539999   27.980000  165.441513       9.241466
B210.TW.10   30.808966    5.620396    6.839985    1.659930    0.107590    0.061220    5.441900   20.609999   30.209999  181.331070      13.990873
C001.TW.10   20.761282    7.842936    7.264550    3.007908    0.125824    0.030514    2.894575   13.690000   70.849998  115.549370      52.191616
C002.TW.10    0.000000    0.000000    0.000000    0.000000    0.000000    0.000000    0.000000   -1.000000   -1.000000  102.134224       0.000000
C003.TW.10   55.522827   12.950277   12.935701    0.624749    0.003779    0.036354   10.000000   12.740000   27.599998   92.856133       8.249778
C004.TW.10   35.287743    6.601334    5.726391    0.994907    0.119651    0.036397    2.506387    4.490000   40.329998  116.077957      49.387432
C005.TW.10   45.498207   14.471388   16.453503    3.726659    0.231069    0.052630    1.870816   12.360000   31.070000   95.074867     509.954681
C006.TW.10   81.870834   12.944925   10.851083    2.468936    0.176531    0.065168    2.654324   12.120000   23.980000   81.543648     144.250534
C008.TW.10   37.935013   14.379930    8.767951    3.146962    0.180338    0.034060    1.505590    8.980000   29.730000  101.717972     286.487518
C010.TW.10   38.396969    9.907627    5.474151    2.267026    0.180053    0.040135    2.156803   14.110000   17.000000   75.226501      50.460400
C011.TW.10    0.000000    0.000000    0.000000    0.000000    0.000000    0.000000    0.000000   -1.000000   -1.000000   67.504204       0.000000
C012.TW.10   36.842957    7.948148    7.444856    1.272495    0.060984    0.029201    4.232853   10.660000   39.559998  108.516197      35.513844
C014.TW.10   39.140961    4.543424    3.668868    2.835419    0.115572    0.050210    3.478538   12.090000   13.070000   64.468430      16.861067
C015.TW.10   72.446640   12.334824    8.175494    1.442815    0.085751    0.030082    3.533502   13.780000   12.420000   83.816948      13.697867
C016.TW.10   48.398277    9.180820    7.127482    1.180493    0.086674    0.022390    2.833389    9.000000   24.930000  106.611740       7.528533
C017.TW.10   43.890839   13.185215    8.257869    1.920194    0.085757    0.028659    2.584135    9.929999   17.760000   94.847725      27.653328
C021.TW.10   55.567844   13.900137    9.332944    0.796636    0.006952    0.011053   10.000000   19.420000   16.840000   92.869110       4.680063
C022.TW.10   53.448769    5.349750    4.251905    0.955671    0.078052    0.066939    8.484487   14.830000   16.580000   75.560074       8.325887
C023.TW.10   70.693489   12.210511    5.963055    1.937984    0.314981    0.089391    1.981003   18.500000   18.330000   95.348579      26.629269
C024.TW.10   38.492161    8.687652    8.316360    4.678777    0.342489    0.099260    3.494441   12.000000   25.180000   90.594185     590.472046
C025.TW.10    0.000000    0.000000    0.000000    0.000000    0.000000    0.000000    0.000000   -1.000000   -1.000000   98.834030       0.000000
C026.TW.10   32.232212   14.184737   15.070367    4.256503    0.202697    0.053482    3.177879   29.330000   43.459999  107.908661      27.260427
C027.TW.10   26.812422    9.062615    8.089944    2.420809    0.172091    0.055632    4.759791   15.780000   69.269997  117.958755     126.762817
C028.TW.10    0.000000    0.000000    0.000000    0.000000    0.000000    0.000000    0.000000   -1.000000   -1.000000   80.759552       0.000000
C029.TW.10   41.751572   12.612057   11.969290    4.788087    0.331400    0.082929    2.628610   12.070000   22.650000   85.602760     221.602600
C032.TW.10   30.175014   17.077446   13.544240    2.247562    0.179608    0.080024    5.037200   32.309998   32.599998  103.802567     124.294395
C035.TW.10   53.154099    7.803470    5.025734   -1.000000   -1.000000   -1.000000   -1.000000   -1.000000   -1.000000   75.021912       0.100000
C036.TW.10    0.000000    0.000000    0.000000    0.000000    0.000000    0.000000    0.000000   -1.000000   -1.000000   89.168449       0.000000
C037.TW.10   56.237358   11.710572   11.046452    5.341008    0.234510    0.067206    2.523670   13.270000   19.709999   91.206940      93.654083
C041.TW.10   54.421673    7.046151    5.217766    2.902574    0.253944    0.059026    2.085924   12.009999   16.230000   69.289108     264.619812
C043.TW.10   33.731438   11.142871    7.756519    2.234319    0.138036    0.030576    1.670362   29.379999   36.570000   93.096832      36.749645
C044.TW.10   30.895296   10.180926    8.308526    1.325803    0.064261    0.025412    3.100182   14.480000   34.959999  108.492500      23.186350
C045.TW.10   34.531815    4.367054    3.244491    7.247283    0.201420    0.039376    3.639448    9.410000   12.790000   57.374413      38.271297
C047.TW.10   45.997761   13.095630    7.501975    2.636158    0.166034    0.064459    5.412508   14.120000   21.629999   85.637115      43.833420
C049.TW.10   40.366558   11.164230    7.262866    1.320606    0.093397    0.030021    3.029261   15.450000   19.639999   88.875877      13.384665
C053.TW.10   53.694977   10.799447    8.893485    0.980282    0.073885    0.036222    4.235495   12.139999   12.240000   87.114090       8.304768
C056.TW.10   38.582825    9.417552    7.819389    1.468065    0.074759    0.016838    2.867021    9.220000   25.299999  109.413704      23.757118
C058.TW.10   43.911030   10.633326    6.329227    1.664075    0.107294    0.046659    4.385048   14.799999   16.000000   89.443100      22.188660
C060.TW.10   57.044712   14.160991    8.515595   -1.000000   -1.000000   -1.000000   -1.000000   -1.000000   -1.000000   97.737915       0.000000
C062.TW.10   45.990547    6.933493    6.241479    0.247342    0.000987    0.019662   10.000000    9.980000    9.800000   75.907478       2.577288
C065.TW.10   78.818054   11.184848    5.350291    1.510890    0.114749    0.073604    5.180255   20.199999   29.760000   90.776886      36.733620
C066.TW.10   36.539543   12.523150    8.260235    0.638994    0.074780    0.024227    2.751651   26.599998   41.320000  103.658409       5.653338
C069.TW.10   34.508820    7.418418    6.154788    0.833632    0.109104    0.049539    4.605809   16.580000   31.760000  105.150749      13.025428
C073.TW.10   43.934498   14.825614    8.846365    3.263747    0.241524    0.051068    2.462310   17.850000   21.879999   87.846359      70.563347
C074.TW.10   42.695004   11.020231    6.234418    7.051430    0.242290    0.103385    4.219671   10.790000   15.650000   56.808361    2416.177246
C075.TW.10   10.321944    2.225958    0.988481    0.709887    0.059664    0.011031    1.575468    1.820000    1.640000  173.791794       5.934484
C076.TW.10   33.804390    8.095074    7.074192    1.402374    0.166754    0.032060    2.418496    4.590000   39.840000  113.384636     159.543716
C077.TW.10   31.864227    9.890676    6.715173    1.216385    0.090468    0.027058    2.952083    8.630000   18.529999  102.276291      14.829551
C078.TW.10   28.946775    8.882356    6.487426    0.954347    0.068923    0.027916    3.117198   15.299999   41.719997   99.336250       8.942214
C082.TW.10   24.169247   13.105226   12.425814    2.369322    0.188359    0.036479    2.331464   26.369999   59.730000  111.787849      55.201859
C083.TW.10    0.000000    0.000000    0.000000    0.000000    0.000000    0.000000    0.000000   -1.000000   -1.000000   89.970589       0.000000
C084.TW.10   40.143238   15.196085   16.190788   10.233741    0.416497    0.078781    2.520416   13.360000   36.709999   99.393867     137.684860
C085.TW.10   78.095924    8.186348    3.790010    0.720407    0.068924    0.024088    3.024207   12.809999   12.679999  103.245918       3.983991
C087.TW.10   61.094139    7.890809    5.522193    2.066724    0.157836    0.021467    1.134114   11.610000   11.700000   73.614189      72.138527
C092.TW.10   34.827389   14.715004   14.662882    5.191291    0.269343    0.044576    1.426072   13.840000   38.209999  102.375755     197.050461
C093.TW.10   20.851866    4.956794    4.465242    0.713240    0.099410    0.037556    5.235281    6.770000   55.160000  120.865044      26.881599
C094.TW.10   27.300188   13.684637   13.995279    2.332231    0.173157    0.033872    2.304562   41.820000   60.949997  114.481483      65.982796
C095.TW.10    0.000000    0.000000    0.000000    0.000000    0.000000    0.000000    0.000000   -1.000000   -1.000000   95.558884       0.000000
C096.TW.10    0.000000    0.000000    0.000000    0.000000    0.000000    0.000000    0.000000   -1.000000   -1.000000   99.847229       0.000000
C097.TW.10   39.269505    5.829370    4.535710    1.006023    0.075130    0.030387    3.937377   13.309999   21.680000  102.301224       7.311722
C098.TW.10   59.223083   10.519016    8.427641   -1.000000   -1.000000   -1.000000   -1.000000   -1.000000   -1.000000  107.040916       0.000000
C099.TW.10   56.674427   14.647388    9.781018   -1.000000   -1.000000   -1.000000   -1.000000   -1.000000   -1.000000   93.366264       0.000000
C100.TW.10   49.385059    9.615374    7.159838    0.343404    0.003395    0.018430   10.000000   18.869999   13.509999   87.493744       1.643515
C101.TW.10    0.000000    0.000000    0.000000    0.000000    0.000000    0.000000    0.000000   -1.000000   -1.000000   88.185295       0.000000
C102.TW.10   25.508783    4.331088    3.456387    2.157655    0.191266    0.048021    1.973126   10.349999   13.099999   60.238403      20.087442
C104.TW.10   57.839935   16.438425   18.848215    4.774791    0.258586    0.058952    2.181965   18.520000   35.020000   94.499588     144.149628
C105.TW.10   39.458294   15.284246   10.468382    3.467995    0.238884    0.038748    1.497227   10.599999   26.359999   98.716339     338.892761
C106.TW.10   50.529633   16.408953    7.162310    2.531681    0.169094    0.023391    1.717391   12.009999   19.219999   86.770645      76.396851
C107.TW.10   55.447746   11.560893    8.114352    1.422648    0.067985    0.042171    5.510993    9.360000   17.260000   93.826759       6.870413
C112.TW.10   20.209997    4.942703    4.996778    1.086640    0.091544    0.031389    3.915999    6.890000   60.889999  120.284134      23.748693
C113.TW.10   32.440723    9.219289    8.931890    1.453529    0.089557    0.025349    2.287961    8.490000   35.149998  105.531631      22.487822
C116.TW.10   36.402981    9.666538    8.178651    1.104816    0.093787    0.019926    2.808708   11.389999   31.010000  111.170525       8.041633
C121.TW.10  207.200974   20.075464    7.908094   13.461467    0.789036    0.394382    3.828196   10.010000   11.969999   45.692432    6432.797852
C123.TW.10   38.792320   13.055301    9.333204    3.573534    0.126678    0.033758    1.721199    1.530000   30.559999  105.334465     160.389206
C124.TW.10    4.824286    1.543570    0.828746    0.519249    0.049085    0.013090    1.573095    3.590000    1.540000  157.395920       3.217888
C129.TW.10    0.000000    0.000000    0.000000    0.000000    0.000000    0.000000    0.000000   -1.000000   -1.000000   99.282486       0.000000
C131.TW.10    0.000000    0.000000    0.000000    0.000000    0.000000    0.000000    0.000000   -1.000000   -1.000000   85.914192       0.000000
C134.TW.10   42.301601   10.074830    9.251307    1.182075    0.072830    0.024133    3.063653    9.429999   36.489998  102.600456       7.494603
C137.TW.10   40.009365    7.146457    6.003434    7.495405    0.238917    0.095518    4.943147   11.759999   14.299999   57.334549    2613.463623
C138.TW.10   34.616936   11.980165   11.457142    2.204659    0.110356    0.034665    2.643289   16.809999   50.239998  106.161530      82.229446
C139.TW.10   64.311356   21.538401   20.339201    4.730832    0.256531    0.045375    1.712314   13.170000   31.889999   96.423927     543.092346
C140.TW.10   40.849731    9.340429    8.535152    0.935093    0.073817    0.027385    3.548316    8.940000   24.539999  105.458099       9.577548
C141.TW.10   46.131145    9.712267    7.100665    0.995724    0.064810    0.050807    9.050560   10.760000   20.020000  102.544937       6.725195
C142.TW.10   50.346268    6.821847    4.104859    1.516162    0.104581    0.051334    5.099416   14.200000   13.840000   82.119392      11.430737
C143.TW.10   69.975670   11.532092    5.046561    2.091984    0.095173    0.099173   10.000000   17.730000   17.580000   88.377914      56.609657
C144.TW.10   45.759586   14.868188   14.412997    3.497567    0.251910    0.048830    1.955313    6.400000   32.219997   97.126328     396.315491
C145.TW.10   32.329628    7.734658    6.998993    1.191449    0.084177    0.050297    5.474801    8.660000    8.320000  112.791397      15.911545
C146.TW.10   56.306290   12.812818    8.135879    3.285098    0.121769    0.031734    1.911579    9.940000   17.059999   96.357681      22.467466
C150.TW.10   59.942165   20.930767   14.062796    5.319169    0.265974    0.075238    2.454151   12.870000   26.760000   90.936134     438.853119
C152.TW.10    0.000000    0.000000    0.000000    0.000000    0.000000    0.000000    0.000000   -1.000000   -1.000000  102.728767       0.000000
C155.TW.10   28.738941   13.158107   10.883845    1.490801    0.125538    0.037116    2.400867    1.550000   34.849998  108.058502      89.048256
C156.TW.10   54.910587   11.878800    7.187817    1.331524    0.114698    0.027103    2.762126    9.040000    8.880000  114.020531      12.518573
C157.TW.10   41.565071   13.360572    9.014322   -1.000000   -1.000000   -1.000000   -1.000000   -1.000000   -1.000000   99.362015       0.000000
D005.TW.10   32.556202    7.862043    4.796651    2.028065    0.148337    0.058054    3.382405   15.599999   15.780000  104.770752      11.440506
D008.TW.10   39.489876    8.642757    4.887240    2.841511    0.149862    0.069384    5.620643   12.270000   13.469999  101.762619       2.861840
D009.TW.10   39.260361   11.028249    5.749454   -1.000000   -1.000000   -1.000000   -1.000000   -1.000000   -1.000000  100.544342       0.000000
D011.TW.10   34.597797    9.798873    7.219133    1.974774    0.222558    0.078787    1.772094   14.839999   29.719999  104.770187     129.008850
D012.TW.10   57.084042   11.347079    4.268632    1.383904    0.161264    0.125351    7.572331   21.379999   16.119999   89.029724      24.769587
D013.TW.10    0.000000    0.000000    0.000000    0.000000    0.000000    0.000000    0.000000   -1.000000   -1.000000   93.740753       0.000000
D014.TW.10   36.273445    8.654048    3.338673    0.350750    0.036949    0.035079    9.039743   13.210000   13.020000   99.895569       3.079978
D015.TW.10   26.714458    6.647038    4.481997    0.718350    0.054907    0.054672    8.561807   25.049999   31.230000  103.202530       4.982714
D017.TW.10   28.834160    7.908297    5.936274    0.392126    0.003301    0.003183   10.000000   19.709999   27.090000  108.478065       6.878593
D020.TW.10    0.000000    0.000000    0.000000    0.000000    0.000000    0.000000    0.000000   -1.000000   -1.000000   72.369987       0.000000
D023.TW.10   28.685991    4.271913    3.352463    0.657519    0.086401    0.056824    6.381646   16.879999   13.570000   88.577248      12.640539
D028.TW.10   19.962351    3.977507    3.272711    1.562971    0.083567    0.055162    5.264569   20.209999   17.289999   70.724846     149.297363
D029.TW.10   18.488171    3.444082    3.127315    1.263278    0.116391    0.067317    6.894311   22.859999   18.039999   76.961372      87.434471
D031.TW.10   22.779596    5.450586    4.056223   -1.000000   -1.000000   -1.000000   -1.000000   -1.000000   -1.000000   95.609230       0.000000
D032.TW.10   34.442940    7.992096    4.882939    1.077756    0.070643    0.067470    9.053616   15.429999   14.509999  100.589951       8.977382
D033.TW.10   18.929945    5.247826    3.837748    0.565728    0.057006    0.045624    5.886584   16.020000   16.629999  106.746864       6.330597
D034.TW.10    6.919841    1.716027    1.916837    1.134990    0.044263    0.035711   10.000000    7.610000    8.929999   89.650276      17.901321
D035.TW.10   25.290026    5.315185    3.454386    0.278216    0.001988    0.006712   10.000000   17.709999   17.859999   94.323326       1.941098
D039.TW.10    5.304022    1.584443    1.566433    0.269086    0.035690    0.024420    6.564068   16.949999   20.400000  124.635338       2.860885
D042.TW.10    5.749017    2.016215    1.487355    0.820754    0.078798    0.038283    4.887373   18.119999   20.750000  129.469040       3.074428
D044.TW.10   30.082338    7.653732    4.921865    1.082112    0.086497    0.037049    5.194681   17.809999   26.869999  105.180878      34.527092
D046.TW.10   13.910047    3.570986    2.718329    0.363698    0.055865    0.031750    4.240624   15.160000   19.039999  134.202423       8.860478
D047.TW.10   19.954390    4.241497    3.263867    1.266075    0.129389    0.069863    5.542940   16.549999   16.650000   62.745281      37.167557
D048.TW.10   31.759287    7.711552    3.531483    0.648870    0.088301    0.088611    7.882798   13.730000   13.980000   85.442169       8.998626
D049.TW.10   12.803230    2.215272    2.361794    1.548597    0.073979    0.030556    4.946328   19.010000   15.969999   72.234032     131.846756
D050.TW.10   54.008686    3.922641    2.802506    4.140517    0.270378    0.054329    2.014062   12.670000   12.110000   44.533714     330.152496
D051.TW.10    8.347650    1.896846    1.798529    0.371992    0.021972    0.013682    7.254531    9.690000   12.830000  103.500542       4.184789
D054.TW.10   37.593304    5.359756    4.143352    5.289053    0.220982    0.045920    2.086224   12.719999   12.969999   51.343002      72.770149
D060.TW.10   24.623325    4.299098    2.818467    0.628816    0.052445    0.031178    4.966288   12.740000   17.730000  104.239029       3.150616
D062.TW.10   31.598639    5.738789    2.639852    1.130871    0.142889    0.042051    3.506629    9.260000    8.990000  109.351746       3.055991
D063.TW.10   30.151407   10.668938    6.281214   -1.000000   -1.000000   -1.000000   -1.000000   -1.000000   -1.000000  107.493835       0.000000
D064.TW.10    0.000000    0.000000    0.000000    0.000000    0.000000    0.000000    0.000000   -1.000000   -1.000000  105.279945       0.000000
D065.TW.10   21.570787    5.109382    3.695601    1.104928    0.151698    0.054815    3.780918   22.289999   22.020000  100.720688       2.192968
D066.TW.10   35.312431    7.289803    4.619971    1.022284    0.070568    0.056577    7.208457   15.219999   19.340000   98.679558       8.823666
D067.TW.10   24.725986    6.063533    3.165650    0.194217    0.011958    0.003462    9.339914   17.850000   17.609999   96.022476       2.142005
D068.TW.10   36.006760    5.332017    4.020943    1.697919    0.115763    0.092186    6.496118    6.890000   11.870000   69.597244      36.131210
D069.TW.10   17.774862    2.321184    2.643963    2.347698    0.093007    0.031959    2.825818   18.969999   13.809999   61.667435     329.615570
D070.TW.10    0.000000    0.000000    0.000000    0.000000    0.000000    0.000000    0.000000   -1.000000   -1.000000   82.425522       0.000000
D071.TW.10   29.902853    6.282157    3.412149    1.150393    0.101021    0.069159    6.904585   21.010000   24.900000   88.419579      18.694540
D072.TW.10   13.683585    3.093001    2.598595    0.229697    0.002242    0.027549   10.000000   13.580000   21.389999   80.693504       1.529804
D074.TW.10   27.010040    6.530684    2.936924    3.719943    0.156947    0.063551    4.102858   16.250000   18.330000   89.966743     327.203339
D075.TW.10   32.917995    6.759024    4.507514    1.416429    0.085232    0.049433    6.789249   16.440001   16.250000  101.399208      15.206724
D076.TW.10   21.679800    4.255858    3.374242    0.856713    0.069448    0.037429    5.399237   15.839999   14.950000  102.460953      38.518505
D077.TW.10   20.348261    2.342948    2.110652    4.912747    0.122941    0.059489    5.274304   10.730000    8.639999   64.930099     738.621338
D079.TW.10   10.387861    1.835763    2.187333    1.304377    0.043789    0.044562   10.000000   11.719999   13.710000   84.180542      48.053791
D084.TW.10    8.668601    3.653138    2.933870    0.814266    0.105715    0.040331    2.415365   21.789999   51.129997  122.464966       8.242045
D085.TW.10    0.000000    0.000000    0.000000    0.000000    0.000000    0.000000    0.000000   -1.000000   -1.000000   93.665764       0.000000
D086.TW.10   32.697269    8.909929    6.528847   -1.000000   -1.000000   -1.000000   -1.000000   -1.000000   -1.000000   99.687477       0.000000
D088.TW.10   24.341875    4.332736    2.873883    0.261682    0.001680    0.002891   10.000000   12.929999   23.900000  105.780594       4.170967
D090.TW.10   41.370834   13.357628    4.203948    1.146405    0.079364    0.065709    9.570751   13.900000   14.330000  100.949905      13.435293
D091.TW.10    8.439432    3.009178    1.952371    0.337459    0.037389    0.027007    4.199609   28.570000   28.230000  141.721680       2.753570
D097.TW.10    4.733074    1.826364    1.530756    0.380598    0.037247    0.014350    2.963814   14.639999   17.330000  112.975319       2.842404
D103.TW.10   25.416962    5.074155    3.310560    0.440238    0.003015    0.001253    5.301181    9.530000   33.329998  108.007317       2.555164
D104.TW.10   53.946285    9.783840    2.940058    0.817677    0.091302    0.050374    5.829629    8.460000    8.770000  105.547180       1.971623
D105.TW.10   92.709625   12.004602    4.802576    3.174233    0.330038    0.111250    3.451195   17.809999   22.010000   78.988838     111.933403
D106.TW.10   30.158339    8.027411    4.558125    1.351011    0.086300    0.047280    4.698347   24.559999   24.809999  107.524063       2.405865
D107.TW.10   43.324772    9.780619    2.582997    0.633319    0.008259    0.002696    7.374538    9.480000    9.849999  110.147758       8.150601
D108.TW.10   51.730995   11.291206    6.650366   -1.000000   -1.000000   -1.000000   -1.000000   -1.000000   -1.000000  106.338486       0.000000
D109.TW.10   41.434341   10.611629    7.079083    0.989393    0.061641    0.012618    1.382383   23.010000   37.610001  105.694420       8.777759
D110.TW.10   30.977068    7.098119    3.135895    1.003033    0.092783    0.041728    3.795207    9.440000    9.599999  111.943535       2.830378
D111.TW.10   25.130028    5.573261    2.772256    1.739938    0.122379    0.056316    4.801919   21.900000   26.330000   86.076050      62.685562
D112.TW.10   28.304914    7.134414    3.792914    1.041189    0.095452    0.065229    6.446401   15.759999   15.559999   91.324821      29.737329
D113.TW.10   12.847081    4.351509    3.761935    0.428387    0.039124    0.031376    8.292749   13.790000   15.089999  105.929985       3.049053
D114.TW.10   22.977758    5.936701    4.375435    0.968585    0.083788    0.050060    6.288033   23.500000   27.279999   99.025757      28.752851
D115.TW.10   13.603098    3.070706    2.350788    0.354571    0.035251    0.028257    6.652050   19.109999   18.270000  107.587555       3.241209
D117.TW.10    6.301340    1.812027    1.526519    0.596375    0.040667    0.012152    1.656909   14.520000   13.780000  113.403381      22.007450
D120.TW.10   17.973228    3.970581    2.448515    2.735349    0.110293    0.037848    2.558635    6.570000   34.489998   97.426956     490.731781
D122.TW.10   35.539219    7.762928    3.958247   -1.000000   -1.000000   -1.000000   -1.000000   -1.000000   -1.000000   98.477043       0.000000
D123.TW.10   53.503235    7.020724    3.856640   -1.000000   -1.000000   -1.000000   -1.000000   -1.000000   -1.000000   77.673958       0.000000
D126.TW.10   48.351727    4.327536    2.808561    8.715647    0.241873    0.062007    2.944205   12.210000   12.259999   43.107861     410.188446
E004.TW.10   20.862579    6.456065    4.312341   -1.000000   -1.000000   -1.000000   -1.000000   -1.000000   -1.000000  187.490692       0.000000
E015.TW.10   10.790125    2.226125    2.473217    1.401159    0.074778    0.023576    2.661464   14.750000   21.549999  188.498749       9.684732
E020.TW.10    0.000000    0.000000    0.000000    0.000000    0.000000    0.000000    0.000000   -1.000000   -1.000000  184.152771       0.000000
E022.TW.10   13.816971    2.297425    3.073730    0.892904    0.050796    0.018010    2.555685    9.860000   16.369999  175.216553      15.773090
E023.TW.10   13.838086    2.798837    3.186021    0.948709    0.057120    0.025101    2.661674   10.679999   20.150000  175.447418       7.326473
E026.TW.10   26.654198    4.984283    3.123044    0.810131    0.076362    0.018615    1.988349   16.570000   16.730000  179.556808      18.770208
E033.TW.10   12.504869    1.713167    1.941091    0.455228    0.004285    0.019716   10.000000   16.420000   19.750000  201.231750       2.122070
E035.TW.10   22.795370    4.267444    2.483274    0.945119    0.052768    0.044876    9.258557   16.459999   16.619999  195.099030      35.893288
E037.TW.10   23.093775    4.140328    2.609714    1.232599    0.077395    0.034694    2.562691   10.420000   10.790000  185.398895      26.150555
E042.TW.10   22.466036    4.477757    2.937108    0.693366    0.062294    0.048245    9.192071   15.980000   16.109999  181.897171       6.380234
E046.TW.10   16.390350    2.416003    2.615243    0.796953    0.060374    0.013709    2.338548    9.889999   15.599999  177.689072       7.587934
E049.TW.10   23.094555    5.797071    3.017151    0.720912    0.076042    0.032289    2.982456   13.370000   30.709999  188.543762      15.797410
E050.TW.10   13.639319    1.517685    2.252856    1.054391    0.037954    0.019576    6.647588    8.280000   13.349999  153.012497       4.692144
E053.TW.10   20.163052    2.631056    2.899821    1.288578    0.053394    0.016627    3.454181   11.040000   17.639999  142.735718       6.410577
E059.TW.10   14.638610    3.650010    3.389155    0.494952    0.033909    0.006508    1.509879   12.290000   21.900000  180.698761       4.971865
E060.TW.10    8.123646    1.442456    2.063618    0.978061    0.041091    0.015122    3.769405    7.240000    6.520000  172.001587       4.485978
E062.TW.10   18.599432    2.119517    2.261043    1.397578    0.063747    0.030891    6.841380   15.889999   16.010000  159.134094       6.350840
E067.TW.10   34.544346    3.783047    3.658239    1.880221    0.118694    0.035266    3.363841   18.359999   22.119999  144.877808      60.364906
E068.TW.10   34.426594    4.213637    1.820922    1.840219    0.092134    0.022774    3.201538   14.530000   14.679999  174.717316       8.038275
E069.TW.10    4.427050    2.409524    3.132892    0.559937    0.004731    0.003294    5.229962   13.139999   19.590000  203.199799      11.459979
E072.TW.10    0.000000    0.000000    0.000000    0.000000    0.000000    0.000000    0.000000   -1.000000   -1.000000  182.320908       0.000000
E075.TW.10   26.978472    2.511001    2.197921    0.373470    0.002006    0.002849   10.000000   11.000000   10.870000  156.083618       6.443109
E076.TW.10   22.766483    2.837074    2.334931    1.494414    0.069576    0.029323    5.313616   10.219999   15.270000  173.629913       7.436896
F002.TW.10  118.124611   18.554020   13.916099    2.963192    0.316740    0.123208    2.114510   10.770000   12.190000   60.383781     205.676285
F004.TW.10  531.415039   94.460678   33.257427   -1.000000   -1.000000   -1.000000   -1.000000   -1.000000   -1.000000    6.128388       0.100000
F015.TW.10   37.929428    5.014879    4.840135   -1.000000   -1.000000   -1.000000   -1.000000   -1.000000   -1.000000   99.391434       0.000000
F019.TW.10   51.710865    8.866048    8.154851    1.954152    0.130298    0.051854    4.047316   17.920000   19.699999  101.653885      16.288235
F020.TW.10   58.593658    5.504722    5.972104    3.503011    0.091472    0.032945    4.354812    9.429999   12.000000   78.410858      62.068459
F026.TW.10   28.347727    3.205925    3.190186    1.789969    0.066769    0.021648    4.160908    6.610000    6.710000  116.668396       8.504379
F028.TW.10   37.359505    7.464623    6.133689    3.305211    0.083407    0.033722    3.025407   11.380000   15.410000  105.471870      19.266645
F033.TW.10    0.000000    0.000000    0.000000    0.000000    0.000000    0.000000    0.000000   -1.000000   -1.000000   66.871124       0.000000
F036.TW.10  256.952209   48.564911   31.189066   10.594961    0.608590    0.077164    2.086223    8.720000    8.370000   43.441788     484.812195
F037.TW.10  652.153076  118.454338   65.907776   39.360592    0.922022    0.158084    1.213840    8.150000    8.510000   39.822281   12195.564453
F039.TW.10  239.098068   19.242311    6.555847   24.393642    0.590089    0.088871    1.474342    4.680000    4.030000   31.464285    5218.706543
F041.TW.10  345.510559   41.812992   16.048244   60.815159    2.196324    0.893730    2.968521    4.920000    6.510000   17.363300  328523.500000
F042.TW.10  527.275940  114.456749   27.693655   75.920288    6.867872    1.433486    1.726346    6.320000    6.410000   11.043239 1665429.750000
F043.TW.10   58.225136   14.740742   15.474570   -1.000000   -1.000000   -1.000000   -1.000000   -1.000000   -1.000000   72.219360       0.000000
F044.TW.10  127.429939   16.925573   16.187578   -1.000000   -1.000000   -1.000000   -1.000000   -1.000000   -1.000000   66.281380       0.000000
F045.TW.10   17.487959    3.094435    3.418482    2.488395    0.095431    0.020134    1.996411    9.630000   15.929999  141.065186       2.055087
F048.TW.10   32.297966    6.887281    6.582399    2.741276    0.098846    0.029973    3.274584   17.740000   14.210000  103.827347      33.109848
F049.TW.10    0.000000    0.000000    0.000000    0.000000    0.000000    0.000000    0.000000   -1.000000   -1.000000  101.550003       0.000000
F053.TW.10   41.983330    1.703978    1.022149   38.103218    0.656092    0.535523    6.389007    4.150000    4.550000   31.966156      17.675121
F054.TW.10  440.675201  115.406036   44.148369   10.195104    0.515059    0.070132    2.825251    8.450000    8.590000   35.579468     143.388428
F058.TW.10   40.580456    4.323927    4.151013    7.348943    0.166636    0.034355    3.184046    9.929999   13.670000   96.226105     235.191528
F059.TW.10    0.000000    0.000000    0.000000    0.000000    0.000000    0.000000    0.000000   -1.000000   -1.000000   86.787285       0.000000
F067.TW.10  127.263435   11.310304    8.181726   16.709332    0.230020    0.069667    2.835446    5.500000    8.710000   73.391068       6.279030
F068.TW.10   49.851368   11.113644    7.015426    2.832468    0.046790    0.025984    6.211100   16.820000   16.980000   91.212242       9.096590
F071.TW.10  143.027893   17.048704   10.098114    6.513269    0.185075    0.027889    1.722523    4.680000   10.210000   63.014832     173.996643
F072.TW.10   45.608559    4.079247    3.347165    5.628995    0.164970    0.017073    1.282905   11.820000   16.859999  121.590431      55.836422
F073.TW.10  519.312195   62.713242   46.161743   30.443617    0.830622    0.265620    3.294450    8.910000    8.309999   25.987062    1183.062256
F074.TW.10   69.788391   12.879008   10.193132    2.002556    0.152004    0.048439    3.882937   12.420000   12.820000   80.712616      11.858286
F075.TW.10  384.029572   44.728470   20.382214   13.026352    0.394467    0.041149    1.106958    8.490000    7.960000   41.913311    4495.963867
G001.TW.10  268.020386   34.547188   21.110115   17.096228    1.349422    0.314904    1.961638   10.790000   12.450000   32.280125    8758.298828
G002.TW.10  109.559532   17.723703    9.973403   15.398823    0.963512    0.241598    3.482060    9.599999   13.460000   21.389854   19039.845703
G003.TW.10   21.145664    3.142849    2.401010    3.043289    0.067758    0.008847    1.145342    8.690000    7.660000   61.362911     437.802917
G011.TW.10    0.000000    0.000000    0.000000    0.000000    0.000000    0.000000    0.000000   -1.000000   -1.000000   40.567356       0.000000
G014.TW.10  267.807617   33.252670   11.095687   16.351082    0.714201    0.265453    3.705145   12.219999   12.130000   18.339411    4833.837402
G015.TW.10   59.488102   16.351128   10.483045    5.056434    0.189672    0.051277    3.826141   18.789999   18.369999   43.189117     822.645081
G016.TW.10    7.633912    2.124696    1.734021    0.768712    0.041851    0.007346    2.247168   15.420000   15.190000   92.010269      15.422752
G017.TW.10    7.571726    0.787205    0.811944    0.376369    0.019048    0.013152    5.622828    2.350000   42.410000  127.540932       4.866999
G020.TW.10  302.627991   40.919899   28.335106   -1.000000   -1.000000   -1.000000   -1.000000   -1.000000   -1.000000    2.168996       0.000000
G021.TW.10  289.632355   13.069833    8.449890   -1.000000   -1.000000   -1.000000   -1.000000   -1.000000   -1.000000    4.880241       0.000000
G022.TW.10  448.381653   96.795273   39.720806   -1.000000   -1.000000   -1.000000   -1.000000   -1.000000   -1.000000    5.337647       0.100000
G023.TW.10  168.699158   37.062698   12.314823   48.945385    1.764967    0.392578    1.839534   12.270000   12.599999   10.506743  516999.562500
G024.TW.10    0.000000    0.000000    0.000000    0.000000    0.000000    0.000000    0.000000   -1.000000   -1.000000   20.641796       0.000000
G025.TW.10   73.415459    6.939143    2.977517   11.488175    0.305766    0.103555    1.708767   15.920000   13.139999   29.054491    6080.804688
G026.TW.10   57.583641    7.058853    6.007481   14.741877    0.334440    0.076017    1.277496   10.309999   11.940000   32.965126   11409.750977
G028.TW.10   43.909637    6.952667    4.476145    5.944377    0.202331    0.036294    1.104251   10.889999   10.800000   42.623383    2386.381592
G030.TW.10   24.304409    3.696948    2.763588    5.108101    0.090589    0.027781    1.941960   11.500000   10.500000   52.127102    1744.366943
G031.TW.10    0.000000    0.000000    0.000000    0.000000    0.000000    0.000000    0.000000   -1.000000   -1.000000   36.359165       0.000000
G032.TW.10    9.311988    0.632352    0.460228   -1.000000   -1.000000   -1.000000   -1.000000   -1.000000   -1.000000   24.792553       0.000000
G033.TW.10  143.813721   19.834143   12.235823   12.396170    0.800663    0.175015    2.207870    6.820000   11.830000   20.836391    4291.685059
G035.TW.10   71.622688   11.443019   10.204408    5.531047    0.295559    0.106217    3.865334   13.639999   20.840000   29.113411    1249.583862
G037.TW.10   23.379387    2.568477    1.660523    1.662732    0.059260    0.014617    2.499828    7.480000   14.110000   71.446846     151.526886
G038.TW.10    9.167541    2.141040    1.578223    1.363143    0.035754    0.012380    3.402871    7.990000   13.590000   79.648460     128.032059
G041.TW.10  305.866455   15.495676    5.066159   -1.000000   -1.000000   -1.000000   -1.000000   -1.000000   -1.000000    7.714640       0.000000
G045.TW.10  138.944260   27.888222    9.274693   -1.000000   -1.000000   -1.000000   -1.000000   -1.000000   -1.000000   18.910114       0.100000
G046.TW.10    0.000000    0.000000    0.000000    0.000000    0.000000    0.000000    0.000000   -1.000000   -1.000000   20.099890       0.000000
G047.TW.10   44.741573    8.233094    5.381784    2.995716    0.223005    0.038330    1.916330    9.770000   11.309999   33.998859     144.552628
G048.TW.10   13.032286    0.568305    0.228260    7.354758    0.302655    0.047096    0.789973    0.000000    0.000000   42.245972    3662.644043
G049.TW.10    0.000000    0.000000    0.000000    0.000000    0.000000    0.000000    0.000000   -1.000000   -1.000000   46.339767       0.000000
G051.TW.10    0.000000    0.000000    0.000000    0.000000    0.000000    0.000000    0.000000   -1.000000   -1.000000   18.653633       0.000000
G052.TW.10   11.811797    1.805545    1.552949    2.320162    0.065203    0.018099    1.851734    3.360000    4.660000   65.045326     352.542877
G053.TW.10    9.853188    2.729497    2.649853    0.936755    0.056677    0.024007    2.799178   14.360000   14.599999   91.055038      23.697121
G055.TW.10   62.390713    8.803462    4.251761    1.649079    0.126498    0.046903    4.901672   10.760000   11.340000   58.601120      93.669556
G057.TW.10  257.117920   26.427378    9.109944   34.007225    1.099075    0.307565    3.569730   13.270000   13.450000   18.391777  313214.406250
G060.TW.10    6.325586    2.199161    1.832221    0.926152    0.040027    0.029270    8.775033   14.139999   14.400000   94.225494      38.430359
G061.TW.10  310.696533   33.369923   21.505810   -1.000000   -1.000000   -1.000000   -1.000000   -1.000000   -1.000000    1.159724       0.000000
I002.TW.10    0.698593    0.329073    0.445682    0.242984    0.057947    0.033043    5.237615    0.000000    0.000000  328.242004       1.773979
J001.TW.10    1.470877    0.396979    0.750796    0.298910    0.022140    0.021414    7.522959    0.000000    2.530000  359.568268       1.622070
