#SNL          PGA         PGV         PGD         PA3         PV3         PD3         TauC3       PGA_LT      PGV_LT      E_Dist         SNR
A002.TW.10   27.001944    5.907824    3.000317    0.664383    0.044052    0.018516    4.383346    8.630000    9.860000  221.605850       3.621765
A003.TW.10   30.392910    7.467653    3.255271   -1.000000   -1.000000   -1.000000   -1.000000   -1.000000   -1.000000  217.110779       0.000000
A004.TW.10   31.864042    6.597534    3.026183    0.251286    0.002668    0.000543    2.694847   10.809999   21.859999  219.550629       2.384848
A006.TW.10    0.000000    0.000000    0.000000    0.000000    0.000000    0.000000    0.000000   -1.000000   -1.000000  218.776337       0.000000
A007.TW.10   24.072479    3.617611    2.145069    0.305368    0.005435    0.001191    4.947217    4.990000    2.860000  216.552048       5.409008
A008.TW.10   22.707140    5.106979    2.434464    1.064189    0.056236    0.020565    2.832608    3.790000   15.030000  217.167236      17.424402
A009.TW.10   30.087538    4.762748    2.327851    0.585490    0.037682    0.012763    3.509651   30.289999   30.119999  218.261078       5.546701
A010.TW.10   24.917610    5.670975    2.875640   -1.000000   -1.000000   -1.000000   -1.000000   -1.000000   -1.000000  215.093460       1.368420
A013.TW.10   21.092886    5.566192    3.530016    2.754528    0.152183    0.023101    1.569988   15.389999   31.119999  214.952850      12.942039
A014.TW.10   26.150419    5.678785    3.147528    1.258545    0.087406    0.024363    2.514157   13.450000   18.299999  215.257599       6.218988
A015.TW.10   25.899969    5.084305    3.163746    0.516201    0.012883    0.005220    5.588678    5.740000   14.799999  215.080521       3.803908
A016.TW.10   22.937634    4.638680    3.372669    1.134434    0.153751    0.033100    2.311682   13.009999    8.340000  214.116776       8.235719
A020.TW.10   24.165140    5.120306    3.009184    1.680888    0.111957    0.026410    1.688188   12.860000   25.559999  212.903931       4.319321
A024.TW.10   22.068125    3.744661    3.184537    1.327261    0.139937    0.034076    2.445920   13.639999   24.059999  210.001846      36.101994
A025.TW.10   22.598267    5.053034    3.009029   -1.000000   -1.000000   -1.000000   -1.000000   -1.000000   -1.000000  210.722229       0.000000
A026.TW.10   28.930035    4.234232    2.498411    0.417367    0.003143    0.000234    1.295306   15.530000   12.170000  210.141190       2.364575
A030.TW.10   18.208857    3.965208    2.365820    1.906760    0.125680    0.025308    2.378755   16.580000   23.269999  208.633926       5.922604
A032.TW.10   35.484745    4.405729    2.484075   -1.000000   -1.000000   -1.000000   -1.000000   -1.000000   -1.000000  207.959946       0.000000
A034.TW.10   15.465685    2.123067    1.890696    0.853009    0.055357    0.026485    3.709746   14.299999   29.519999  203.801590       4.699680
A036.TW.10    5.578083    1.640106    1.787655    0.578741    0.060219    0.026619    3.230313   11.630000   21.020000  198.471039       6.900534
A038.TW.10    0.000000    0.000000    0.000000    0.000000    0.000000    0.000000    0.000000   -1.000000   -1.000000  209.669861       0.000000
A039.TW.10   17.178526    2.557215    2.500985    1.512846    0.098395    0.041578    3.082009   12.330000   22.449999  199.556763      21.120216
A043.TW.10   19.030426    4.071750    2.855587   -1.000000   -1.000000   -1.000000   -1.000000   -1.000000   -1.000000  206.060455       0.000000
A046.TW.10    6.092415    1.648042    1.909005    0.800122    0.044646    0.014156    3.955187    0.000000   21.209999  225.129272       3.491883
A047.TW.10    0.000000    0.000000    0.000000    0.000000    0.000000    0.000000    0.000000   -1.000000   -1.000000  201.212341       0.000000
A049.TW.10   24.780882    4.148529    2.480307    1.148531    0.127107    0.038177    2.265910   10.670000   18.850000  223.668869       7.480038
A051.TW.10   15.290092    4.162610    2.877936   -1.000000   -1.000000   -1.000000   -1.000000   -1.000000   -1.000000  218.525772       0.000000
A052.TW.10   16.839106    3.776590    4.499119   -1.000000   -1.000000   -1.000000   -1.000000   -1.000000   -1.000000  215.739700       0.000000
A054.TW.10   20.242771    4.728514    3.425030   -1.000000   -1.000000   -1.000000   -1.000000   -1.000000   -1.000000  207.188736       0.000000
A057.TW.10   17.110577    2.389578    1.807582    0.824575    0.003167    0.000307    2.340112    0.000000    0.730000  220.654022       3.884657
A059.TW.10    7.441535    1.386841    1.507140    1.243450    0.174543    0.032427    1.469569    0.410000   17.760000  228.831314      21.060444
A060.TW.10    7.418453    1.501741    1.541322    0.780980    0.120862    0.014193    1.845193    0.000000   17.340000  229.586044       7.308421
A061.TW.10    9.033726    1.743354    2.064592    0.894782    0.055404    0.012915    3.411652    0.000000   21.500000  227.829224       3.713037
A063.TW.10    9.406471    1.813463    1.941449    0.476432    0.025168    0.015084    5.234303    0.000000   18.869999  224.459045       2.324290
A065.TW.10    6.147480    1.892194    1.992619    0.532594    0.055419    0.011267    2.373028    9.580000   33.579998  230.043808       2.136144
A066.TW.10    9.321512    2.123413    1.807493    1.234884    0.101544    0.020142    1.853643    8.780000   13.150000  228.713547      11.987927
A071.TW.10   14.842698    2.679558    1.753898    1.113054    0.086759    0.025634    2.569294   15.870000   14.330000  210.501785       7.263851
A072.TW.10    0.000000    0.000000    0.000000    0.000000    0.000000    0.000000    0.000000   -1.000000   -1.000000  210.205902       0.000000
A075.TW.10    0.000000    0.000000    0.000000    0.000000    0.000000    0.000000    0.000000   -1.000000   -1.000000  216.076233       0.000000
A078.TW.10    4.981722    1.355695    1.295070    0.555443    0.052173    0.016874    3.098947    7.790000    7.830000  220.406296       3.525931
A083.TW.10   10.387434    3.039707    2.589960    0.721184    0.047826    0.013926    3.537547    7.410000    7.110000  236.592712       7.027396
A084.TW.10    9.658391    2.642465    1.469555    0.434879    0.032322    0.009813    3.702765   11.960000   11.679999  234.904633       2.900797
A085.TW.10    7.320967    1.622614    1.622152    0.939533    0.084014    0.022823    2.923916   12.610000   20.510000  205.875443       6.123977
A103.TW.10   35.283646    5.338202    2.724573    0.590945    0.041858    0.016504    4.416830   16.750000   11.179999  221.941666       3.928317
A107.TW.10    9.780798    1.650621    1.734493    0.904429    0.072400    0.014054    1.905178    0.040000    0.000000  227.454712       4.886078
A112.TW.10    2.258910    1.701232    1.896705    0.781715    0.063059    0.032928    4.213923   23.459999   59.739998  289.669189      16.968412
A115.TW.10   29.108528    3.877121    2.675411    0.797510    0.071949    0.029116    3.830168   14.900000   24.420000  206.646347       4.078390
A124.TW.10    5.421235    1.600338    1.711203    0.845402    0.065225    0.024437    3.375289   12.050000   19.990000  194.260315       7.002877
A125.TW.10   12.653050    2.326940    1.854802    0.849723    0.061933    0.020551    2.974127    2.710000   17.809999  218.461411       6.431110
A127.TW.10    5.721872    1.072989    1.208768    0.865757    0.099450    0.030076    3.276814    3.970000   15.020000  212.629990       7.896858
A128.TW.10   18.119059    3.862393    2.721851   -1.000000   -1.000000   -1.000000   -1.000000   -1.000000   -1.000000  225.637161       1.319665
A129.TW.10    0.000000    0.000000    0.000000    0.000000    0.000000    0.000000    0.000000   -1.000000   -1.000000  183.922729       0.000000
A130.TW.10   11.515108    1.814707    1.547275    0.923378    0.054865    0.015514    3.406923    1.330000    4.350000  226.705002      10.796393
A131.TW.10   27.845072    3.850903    2.339117   -1.000000   -1.000000   -1.000000   -1.000000   -1.000000   -1.000000  216.507080       0.000000
B003.TW.10    0.000000    0.000000    0.000000    0.000000    0.000000    0.000000    0.000000   -1.000000   -1.000000  211.135986       0.000000
B004.TW.10    0.000000    0.000000    0.000000    0.000000    0.000000    0.000000    0.000000   -1.000000   -1.000000  212.661011       0.000000
B006.TW.10   14.183243    5.806388    7.006701    1.215951    0.172157    0.041617    2.530636   14.270000   31.179998  196.045685      15.133104
B011.TW.10   18.372007    4.129521    3.821663    1.763156    0.140913    0.040071    2.681036   12.960000   26.969999  193.370239      22.062229
B012.TW.10   20.221882    5.142695    4.685010    1.595802    0.116751    0.050645    3.147236   22.109999   34.369999  199.185364       4.767834
B013.TW.10   17.338820    5.875344    6.747051    1.936457    0.138209    0.037509    4.038397   21.980000   33.419998  190.950638       4.329709
B014.TW.10   17.100237    5.219017    4.760837    1.454774    0.206114    0.036309    2.442361   11.790000   24.840000  211.296875      11.172714
B016.TW.10   24.511961    9.324834    5.969790    0.964252    0.060611    0.021528    2.631257   12.150000   12.540000  186.981522      12.370429
B017.TW.10   19.728102    4.785847    5.782403    2.572450    0.157760    0.055253    2.447773   22.289999   29.980000  182.425201      34.088684
B018.TW.10   14.446554    5.893378    6.517629    0.760499    0.124061    0.034191    3.645480   13.860000   30.849998  193.079971       5.960731
B019.TW.10   14.851175    6.015313    6.145852    0.959217    0.074256    0.020754    2.294613   12.880000   11.400000  196.195297       7.632997
B021.TW.10   12.444547    4.615548    5.629209    1.241698    0.070566    0.034163    4.897968   16.789999   31.490000  182.978622      15.431032
B022.TW.10   18.751770    5.740952    4.886432    1.705923    0.183045    0.057331    2.482422   20.209999   28.750000  181.485367      16.951159
B023.TW.10   18.431549    7.118607    4.703332    2.077758    0.132399    0.032015    3.022188   20.340000   26.199999  175.092178       5.425915
B024.TW.10   22.396667    5.374042    5.143157    0.680367    0.007844    0.001099    2.392358   15.990000   26.349998  177.096725       3.671987
B026.TW.10   29.634289    5.232747    5.510752    1.243470    0.110457    0.043938    3.683867   17.070000   30.730000  181.319412      14.742034
B027.TW.10   12.381372    6.883745    7.622377    1.152213    0.108936    0.041928    3.641948   13.120000   26.490000  187.622192      10.602449
B028.TW.10   25.754002    4.846674    4.831916    2.257057    0.167570    0.043556    2.930172   18.709999   25.930000  173.425690      24.329317
B029.TW.10   27.566656    8.186999    3.497913    1.457022    0.210035    0.028483    1.539143    6.690000    6.810000  163.355850      13.252313
B030.TW.10   23.842100    4.525330    3.639064    2.323021    0.217318    0.050508    2.208493   13.540000   14.540000  163.358978      38.707237
B032.TW.10    0.000000    0.000000    0.000000    0.000000    0.000000    0.000000    0.000000   -1.000000   -1.000000  157.819809       0.000000
B033.TW.10   24.979538    6.537540    4.752417    0.336435    0.003264    0.001613    9.798497   17.500000   27.400000  174.218704       6.435239
B034.TW.10   29.345308    5.478251    3.602226    2.016359    0.198349    0.065662    2.455548   17.150000   15.950000  169.387909      12.943783
B035.TW.10   36.633430    6.375965    4.074858    1.030573    0.004637    0.000370    2.347007    6.060000   10.260000  168.338547      13.391595
B036.TW.10   37.330193    7.705194    3.811856    5.363899    0.473000    0.051787    0.864102   20.219999   21.670000  153.282806     483.800476
B037.TW.10   32.667015    6.478694    4.030404    2.910639    0.106146    0.017646    1.714380    9.460000   21.010000  158.694809      31.962595
B039.TW.10   61.082458   15.869056    4.955781    5.485126    0.342011    0.056470    1.383979   15.830000   15.570000  155.184769      96.898010
B041.TW.10   30.018238    6.290380    3.068112    2.604582    0.247930    0.045217    1.357354   20.600000   20.789999  147.655151      48.869541
B043.TW.10   19.825493    4.907009    4.561688    1.950609    0.206574    0.052072    1.920854   24.670000   25.859999  173.031570      16.902899
B045.TW.10   21.587242    5.500203    3.489982    2.960179    0.175311    0.054435    1.952441   13.849999   13.440000  157.634277      66.420746
B049.TW.10   16.532570    3.249117    2.733047    3.666147    0.194006    0.039033    2.175761   14.250000   23.350000  125.704117       6.091379
B050.TW.10    0.000000    0.000000    0.000000    0.000000    0.000000    0.000000    0.000000   -1.000000   -1.000000  128.482010       0.000000
B051.TW.10   32.981380    5.106456    3.042244    0.592927    0.002603    0.000351    2.674370   16.580000   16.709999  125.675934       4.985765
B053.TW.10   14.811946    4.066768    2.333963    3.508408    0.147230    0.037277    2.631512   11.420000   18.939999  128.036194      82.177994
B056.TW.10    0.000000    0.000000    0.000000    0.000000    0.000000    0.000000    0.000000   -1.000000   -1.000000  126.587051       0.000000
B059.TW.10   43.293171    7.468457    3.955573    0.291081    0.004532    0.000297    0.630581   19.629999   27.820000  140.288834       5.271598
B060.TW.10   22.151281    2.906374    2.491307    0.166108    0.001378    0.000541    5.440110   16.510000   24.809999  132.284073       5.364836
B061.TW.10   36.284290    8.727507    6.849388    2.621819    0.169769    0.044503    1.993593   16.770000   48.419998  128.206131      33.990875
B062.TW.10   25.525257    5.151845    4.878770   -1.000000   -1.000000   -1.000000   -1.000000   -1.000000   -1.000000  120.114403       0.000000
B063.TW.10    0.000000    0.000000    0.000000    0.000000    0.000000    0.000000    0.000000   -1.000000   -1.000000  122.253815       0.000000
B066.TW.10   21.477800    3.295275    2.553856    4.397600    0.227023    0.036124    2.032187   13.410000   13.650000  129.225937      59.484642
B068.TW.10   29.697166    7.529911    3.635869    9.928856    0.656027    0.072151    1.136209   13.980000   24.769999  133.131073      76.350403
B069.TW.10   48.198341    6.589776    2.926214   11.761827    0.600091    0.045135    1.260089   15.200000   14.940000  129.585495     352.010803
B070.TW.10   43.931236    5.538642    4.514081    0.289372    0.002381    0.000253    1.220576   14.710000   25.019999  134.598999       5.369936
B071.TW.10   25.537943    4.371361    3.840074    2.440499    0.167191    0.057672    1.924134   14.620000   26.889999  102.203613     109.106728
B073.TW.10   14.045280    3.437200    2.429019    3.219929    0.155425    0.016145    1.177510   12.670000   18.879999   99.743469      20.138720
B077.TW.10   59.023537    5.581083    4.641726   11.589216    0.773139    0.071386    0.974897   10.349999   18.359999   86.997673     231.356094
B078.TW.10   28.412981    4.205081    4.136953    4.009363    0.213513    0.033618    1.842037    8.070000   20.420000   82.137146      46.243347
B081.TW.10   20.850342    7.456177    6.758388    1.404463    0.102682    0.041819    3.448023   12.490000   12.780000  187.936981      10.717613
B082.TW.10   19.736593    4.313160    3.311413    2.385702    0.103970    0.041242    2.717928   16.160000   25.869999  123.179848      19.554375
B083.TW.10    0.000000    0.000000    0.000000    0.000000    0.000000    0.000000    0.000000   -1.000000   -1.000000  202.396576       0.000000
B084.TW.10   44.799160    5.000091    3.974208    1.817417    0.135620    0.030349    2.691507   10.820000   14.020000   87.340294      24.523407
B085.TW.10   13.440987    1.770165    1.989865    0.647873    0.052771    0.020212    3.040171    9.010000   17.299999  170.711517      24.236565
B086.TW.10   21.927826   11.030530   10.955935    1.483329    0.152823    0.035542    2.553758   14.130000   76.669998  122.632683      16.587082
B090.TW.10   35.445438    6.666363    5.290839    2.786396    0.196360    0.041126    2.155478   12.300000   18.760000   78.966843     166.358047
B095.TW.10   23.092793    4.794369    4.832074    0.208944    0.001537    0.000116    0.834056   19.299999   16.559999  172.509537       5.429949
B097.TW.10   24.826456    6.956156    4.465727    0.361188    0.003701    0.000373    1.030503   13.190000   12.320000  184.666824       4.509581
B099.TW.10   20.158869    5.035893    3.701797    2.781636    0.163439    0.046471    2.212502   13.900000   25.279999  121.596779      34.950787
B102.TW.10    0.000000    0.000000    0.000000    0.000000    0.000000    0.000000    0.000000   -1.000000   -1.000000  131.684006       0.000000
B103.TW.10   31.060106    5.201441    4.467391    2.436841    0.120055    0.019416    1.372805   17.350000    2.670000  138.429077       9.727451
B104.TW.10   17.512794    4.491115    3.195749    2.145993    0.160443    0.039249    2.112864   17.059999   18.809999  136.343155      56.983353
B107.TW.10   37.705334    7.338162    6.842341    2.434308    0.143695    0.049875    1.984753   20.029999   41.209999  122.844559      22.307026
B110.TW.10   59.495785   15.145884    6.186828    4.590362    0.251900    0.052354    1.591907   18.930000   18.440001  110.746803     120.622681
B111.TW.10   25.937506   10.174862    8.967454    2.468051    0.181183    0.050163    2.192137   28.269999   46.689999  129.476959      35.185524
B112.TW.10   24.359152    7.488627    6.981112    3.021630    0.242807    0.053213    1.873251   15.360000   50.049999  128.225906      44.365715
B115.TW.10   33.813496   12.247846   10.130210    3.934181    0.175691    0.053917    2.025921   22.430000   43.930000  116.796600     107.937080
B116.TW.10    0.000000    0.000000    0.000000    0.000000    0.000000    0.000000    0.000000   -1.000000   -1.000000  100.878708       0.000000
B117.TW.10   11.485312    2.811056    3.262676   -1.000000   -1.000000   -1.000000   -1.000000   -1.000000   -1.000000  132.854568       0.000000
B118.TW.10   28.804455   10.395967    8.547771    3.252840    0.124375    0.049081    2.624855   39.799999   53.169998  123.434273      40.678314
B120.TW.10   22.858791    7.506876    6.243364    3.107308    0.288716    0.051063    1.782997   18.230000   32.689999  109.954735     131.702850
B121.TW.10   31.533249   16.978445   14.309190    4.873080    0.197352    0.050283    2.166065   17.719999   46.189999  112.734795     234.294434
B122.TW.10    0.000000    0.000000    0.000000    0.000000    0.000000    0.000000    0.000000   -1.000000   -1.000000   95.241638       0.000000
B123.TW.10   37.799797    7.309032    5.715528    4.287366    0.217061    0.056869    1.716760   19.059999   40.320000  117.451576     147.184402
B127.TW.10   20.249971    5.187495    3.525096    1.749230    0.114513    0.048066    2.929864   14.750000   14.410000  166.123367      32.236130
B128.TW.10   40.054356    8.725671    5.086694    2.741119    0.245146    0.051090    1.653183   13.570000   14.940000  147.799515     121.812645
B129.TW.10   33.091934    5.955132    5.810466    9.406454    0.538426    0.088006    1.279906   12.960000   24.539999   96.645363    1939.022095
B131.TW.10   26.226824    6.734453    3.039489    2.670660    0.255186    0.048995    1.397282   15.170000   15.309999  162.353958      67.023079
B135.TW.10   29.085783    7.500582    4.246549    2.065973    0.155757    0.039357    1.906767   18.270000   24.170000  143.412872      38.140617
B136.TW.10   18.271214    4.041546    3.185642    3.546519    0.179325    0.037540    2.081651   17.010000   18.510000  135.590149      24.116266
B138.TW.10   32.788795    8.295030    4.416652    4.840642    0.182848    0.049794    2.105299   16.949999   16.430000  105.786476     164.230026
B139.TW.10   38.994949    9.079323    6.745134    3.683671    0.211156    0.056440    1.776265   21.459999   21.900000  109.118408      32.669857
B141.TW.10    0.000000    0.000000    0.000000    0.000000    0.000000    0.000000    0.000000   -1.000000   -1.000000  106.842041       0.000000
B143.TW.10   62.842079    7.975191    6.098882    9.065760    0.568974    0.090278    1.181993   11.750000   11.660000   93.283539     823.301880
B145.TW.10   29.162474   10.135092    8.799891    2.060564    0.114138    0.039157    3.216295   14.620000   66.669998  127.501839      17.573093
B146.TW.10    0.000000    0.000000    0.000000    0.000000    0.000000    0.000000    0.000000   -1.000000   -1.000000  134.201340       0.000000
B149.TW.10   28.008392    6.868536    5.581900    0.460674    0.005048    0.000912    1.479771   23.539999   37.389999  141.587753       2.384034
B162.TW.10   31.334358   11.002569   10.594399    6.604995    0.339181    0.061001    1.445650   17.840000   40.250000  107.030830     142.158188
B168.TW.10   16.635735    5.298033    5.944445    1.491205    0.206823    0.048635    2.055488   16.820000   37.879997  207.333572       8.559748
B170.TW.10   21.312557    4.175219    3.172858    3.203732    0.192670    0.049445    2.112321   13.490000   19.619999  122.596901      58.270210
B171.TW.10   23.210808    7.630733    5.519249   -1.000000   -1.000000   -1.000000   -1.000000   -1.000000   -1.000000  147.325699       0.000000
B172.TW.10   18.522652    4.180242    3.378166    0.260247    0.001778    0.000125    1.364659   16.209999   16.459999  123.115158       2.699663
B173.TW.10   21.489111    6.978329    5.462564    2.431799    0.126971    0.043941    2.539914   17.340000   28.340000  121.026237      29.313656
B174.TW.10   37.085640    7.735887    3.758621   10.944680    0.768644    0.048815    1.362529   15.490000   16.410000  126.917206     153.500961
B175.TW.10   15.721175    6.210699    5.443899    0.853898    0.179620    0.048949    2.299313   17.809999   27.930000  200.887711      10.470046
B176.TW.10   19.198704    4.468998    4.991706    2.200915    0.248548    0.042876    1.869415   16.100000   19.369999  208.858139       8.493659
B177.TW.10   20.800411    5.134209    4.075399    2.228256    0.215675    0.046938    1.906281   15.200000   24.830000  169.759048      21.934519
B178.TW.10   26.855528    9.160716    8.080502    2.175168    0.164158    0.050054    2.283361   15.610000   47.270000  126.994362      33.663448
B179.TW.10   35.260975    7.486712    6.974477    3.885357    0.194875    0.055940    1.866114   14.830000   35.189999  121.855492      98.207283
B180.TW.10   41.062756    8.626498    6.485413    5.836771    0.245937    0.058223    1.583160   20.730000   40.489998  115.650711     120.000343
B181.TW.10   43.973701   12.692071    6.690604    4.370035    0.214432    0.057842    1.710196   27.549999   27.910000  112.162178      45.145531
B182.TW.10   42.366096   10.212005    8.724500    4.023907    0.300093    0.062054    1.582327   22.109999   36.709999  107.979179     155.387405
B183.TW.10    0.000000    0.000000    0.000000    0.000000    0.000000    0.000000    0.000000   -1.000000   -1.000000  114.225609       0.000000
B184.TW.10   33.106636    5.913677    4.124133    2.816138    0.256474    0.059563    1.871173   11.830000   22.359999   81.495995      89.444199
B189.TW.10   11.257643    3.269015    2.552482    3.932043    0.199041    0.029545    1.300247    3.210000   20.020000  118.318146      27.169994
B190.TW.10   23.181950   11.237752   11.202346    2.047818    0.179077    0.037809    2.638028   16.279999   63.739998  124.786438      16.314034
B192.TW.10    0.000000    0.000000    0.000000    0.000000    0.000000    0.000000    0.000000   -1.000000   -1.000000  210.899261       0.000000
B200.TW.10   56.137772   10.274126    3.856036    4.617840    0.352998    0.055766    1.174177   17.840000   17.959999  160.270142      50.026405
B201.TW.10   38.125854    7.027669    6.245066    3.018176    0.146695    0.045580    1.976455   16.900000   41.200001  122.934387      26.447815
B204.TW.10   46.268204    5.119771    3.160990    4.148798    0.250493    0.036661    1.994280    8.590000    8.490000   71.057739     215.303665
B205.TW.10    0.000000    0.000000    0.000000    0.000000    0.000000    0.000000    0.000000   -1.000000   -1.000000  145.426041       0.000000
B207.TW.10   20.347166    2.177850    1.995109    4.904235    0.199888    0.025363    1.631693    8.440000   20.080000  105.683464      16.415413
B208.TW.10   27.372923   13.260680   12.310987   -1.000000   -1.000000   -1.000000   -1.000000   -1.000000   -1.000000  119.062866       0.000000
B209.TW.10   10.641675    4.246767    3.908366    1.472488    0.066926    0.019373    3.158641   18.139999   25.580000  165.441513       9.241466
B210.TW.10   30.808966    5.620982    4.870598    1.659930    0.107622    0.035531    3.133904   18.309999   27.900000  181.331070      13.990873
C001.TW.10   20.761282    7.843183    6.692098    3.007908    0.126103    0.032547    2.771015   12.340000   69.500000  115.549370      52.191616
C002.TW.10    0.000000    0.000000    0.000000    0.000000    0.000000    0.000000    0.000000   -1.000000   -1.000000  102.134224       0.000000
C003.TW.10   55.522827   12.950755   12.619625    0.624749    0.004261    0.000942    4.781742   12.580000   27.439999   92.856133       8.249778
C004.TW.10   35.287743    6.601885    5.564849    0.994907    0.119756    0.032137    2.618488    5.140000   40.980000  116.077957      49.387432
C005.TW.10   45.498207   14.473271   14.350755    3.726659    0.232989    0.043324    1.723529   12.240000   30.949999   95.074867     509.954681
C006.TW.10   81.870834   12.947424    9.516537    2.468936    0.177752    0.048764    1.957959   11.460000   23.320000   81.543648     144.250534
C008.TW.10   37.935013   14.380978    9.907901    3.146962    0.181621    0.041147    1.577666    8.280000   29.019999  101.717972     286.487518
C010.TW.10   38.396969    9.911412    6.764565    2.267026    0.180634    0.039588    1.814281   12.590000   15.480000   75.226501      50.460400
C011.TW.10    0.000000    0.000000    0.000000    0.000000    0.000000    0.000000    0.000000   -1.000000   -1.000000   67.504204       0.000000
C012.TW.10   36.842957    7.948535    6.099363    1.272495    0.061126    0.022440    3.078642    9.590000   38.480000  108.516197      35.513844
C014.TW.10   39.140961    4.545031    2.787560    2.835419    0.115753    0.034583    1.978567   12.090000   13.059999   64.468430      16.861067
C015.TW.10   72.446640   12.338502    7.511546    1.442815    0.086543    0.027997    2.447359   12.830000   11.469999   83.816948      13.697867
C016.TW.10   48.398277    9.181809    6.398540    1.180493    0.086888    0.020450    2.343879    8.380000   24.299999  106.611740       7.528533
C017.TW.10   43.890839   13.188092    8.343775    1.920194    0.086055    0.027291    2.159848    9.150000   16.980000   94.847725      27.653328
C021.TW.10   55.567844   13.901391    6.584844    0.796636    0.007460    0.000273    0.422347   16.240000   13.660000   92.869110       4.680063
C022.TW.10   53.448769    5.354714    3.320305    0.955671    0.078270    0.028600    3.088151   12.370000   14.120000   75.560074       8.325887
C023.TW.10   70.693489   12.231943    4.883064    1.937984    0.315135    0.059718    1.482139   15.250000   15.070000   95.348579      26.629269
C024.TW.10   38.492161    8.688567    8.188906    4.678777    0.345198    0.077609    1.744002   11.860000   25.029999   90.594185     590.472046
C025.TW.10    0.000000    0.000000    0.000000    0.000000    0.000000    0.000000    0.000000   -1.000000   -1.000000   98.834030       0.000000
C026.TW.10   32.232212   14.185653   14.128119    4.256503    0.202963    0.040225    2.599076   29.309999   43.439999  107.908661      27.260427
C027.TW.10   26.812422    9.062632    7.906955    2.420809    0.172506    0.031871    2.300813   14.349999   67.830002  117.958755     126.762817
C028.TW.10    0.000000    0.000000    0.000000    0.000000    0.000000    0.000000    0.000000   -1.000000   -1.000000   80.759552       0.000000
C029.TW.10   41.751572   12.613922   11.362120    4.788087    0.332390    0.064239    1.474022   11.889999   22.459999   85.602760     221.602600
C032.TW.10   30.175014   17.080362   13.699107    2.247562    0.180401    0.034735    2.298820   29.139999   29.420000  103.802567     124.294395
C035.TW.10   53.154099    7.810413    4.938241   -1.000000   -1.000000   -1.000000   -1.000000   -1.000000   -1.000000   75.021912       0.100000
C036.TW.10    0.000000    0.000000    0.000000    0.000000    0.000000    0.000000    0.000000   -1.000000   -1.000000   89.168449       0.000000
C037.TW.10   56.237358   11.713395    9.782129    5.341008    0.234769    0.036203    1.367200   10.400000   16.830000   91.206940      93.654083
C041.TW.10   54.421673    7.048496    5.183505    2.902574    0.254151    0.039442    1.219620    9.830000   14.049999   69.289108     264.619812
C043.TW.10   33.731438   11.143115    8.521318    2.234319    0.139352    0.029200    1.840176   15.250000   22.439999   93.096832      36.749645
C044.TW.10   30.895296   10.180967    7.262345    1.325803    0.064606    0.024472    2.749991   14.549999   35.029999  108.492500      23.186350
C045.TW.10   34.531815    4.373947    2.854584    7.247283    0.207654    0.033863    1.353657    9.320000   12.700000   57.374413      38.271297
C047.TW.10   45.997761   13.099587    8.132935    2.636158    0.166972    0.035473    2.245214   11.270000   18.779999   85.637115      43.833420
C049.TW.10   40.366558   11.164568    7.999594    1.320606    0.094343    0.021722    2.736111   14.849999   19.039999   88.875877      13.384665
C053.TW.10   53.694977   10.815634    6.701741    0.980282    0.074477    0.023949    3.012401   11.280000   11.370000   87.114090       8.304768
C056.TW.10   38.582825    9.417888    5.923176    1.468065    0.074790    0.020618    2.651611    8.520000   24.590000  109.413704      23.757118
C058.TW.10   43.911030   10.633898    6.492414    1.664075    0.107443    0.025936    1.883026   14.719999   15.920000   89.443100      22.188660
C060.TW.10   57.044712   14.165870    8.489535   -1.000000   -1.000000   -1.000000   -1.000000   -1.000000   -1.000000   97.737915       0.000000
C062.TW.10   45.990547    6.936415    2.584167    0.247342    0.001387    0.000338    4.645901    7.480000    7.300000   75.907478       2.577288
C065.TW.10   78.818054   11.186965    5.340320    1.510890    0.115254    0.038266    2.104387   18.760000   28.309999   90.776886      36.733620
C066.TW.10   36.539543   12.524089    8.597662    0.638994    0.074811    0.015119    1.639557   22.219999   36.930000  103.658409       5.653338
C069.TW.10   34.508820    7.419891    5.670863    0.833632    0.109403    0.024812    1.488015   11.580000   26.760000  105.150749      13.025428
C073.TW.10   43.934498   14.827063    8.292716    3.263747    0.242064    0.034643    1.323599   14.929999   18.959999   87.846359      70.563347
C074.TW.10   42.695004   11.023122    6.570229    7.051430    0.244860    0.054566    1.916531    9.020000   13.880000   56.808361    2416.177246
C075.TW.10   10.321944    2.226584    0.866451    0.709887    0.059870    0.008276    1.243376    1.530000    1.340000  173.791794       5.934484
C076.TW.10   33.804390    8.095409    6.648057    1.402374    0.167415    0.037794    2.311216    5.330000   40.579998  113.384636     159.543716
C077.TW.10   31.864227    9.892908    6.800874    1.216385    0.090914    0.021930    1.864188    8.370000   18.270000  102.276291      14.829551
C078.TW.10   28.946775    8.882974    6.521036    0.954347    0.069003    0.023273    1.957784   14.679999   41.099998   99.336250       8.942214
C082.TW.10   24.169247   13.105243   11.973282    2.369322    0.189945    0.039422    2.226148   25.129999   58.489998  111.787849      55.201859
C083.TW.10    0.000000    0.000000    0.000000    0.000000    0.000000    0.000000    0.000000   -1.000000   -1.000000   89.970589       0.000000
C084.TW.10   40.143238   15.197021   15.968766   10.233741    0.420108    0.056376    1.624803   13.160000   36.509998   99.393867     137.684860
C085.TW.10   78.095924    8.201212    4.248665    0.720407    0.069009    0.017444    1.598171   13.450000   13.309999  103.245918       3.983991
C087.TW.10   61.094139    7.898819    4.964985    2.066724    0.158979    0.019328    1.340903   10.920000   11.010000   73.614189      72.138527
C092.TW.10   34.827389   14.715725   15.050941    5.191291    0.271292    0.046989    1.736655   12.400000   36.770000  102.375755     197.050461
C093.TW.10   20.851866    4.956929    4.043531    0.713240    0.099521    0.025188    2.734626    6.650000   55.039997  120.865044      26.881599
C094.TW.10   27.300188   13.684749   13.968451    2.332231    0.174023    0.040541    2.522536   41.829998   60.949997  114.481483      65.982796
C095.TW.10    0.000000    0.000000    0.000000    0.000000    0.000000    0.000000    0.000000   -1.000000   -1.000000   95.558884       0.000000
C096.TW.10    0.000000    0.000000    0.000000    0.000000    0.000000    0.000000    0.000000   -1.000000   -1.000000   99.847229       0.000000
C097.TW.10   39.269505    5.832726    3.884774    1.006023    0.075185    0.018111    1.461643   13.870000   22.240000  102.301224       7.311722
C098.TW.10   59.223083   10.520589    6.777188   -1.000000   -1.000000   -1.000000   -1.000000   -1.000000   -1.000000  107.040916       0.000000
C099.TW.10   56.674427   14.655207    7.690789   -1.000000   -1.000000   -1.000000   -1.000000   -1.000000   -1.000000   93.366264       0.000000
C100.TW.10   49.385059    9.617330    5.408987    0.343404    0.003562    0.000347    1.408160   16.520000   11.160000   87.493744       1.643515
C101.TW.10    0.000000    0.000000    0.000000    0.000000    0.000000    0.000000    0.000000   -1.000000   -1.000000   88.185295       0.000000
C102.TW.10   25.508783    4.332608    3.204545    2.157655    0.191341    0.037649    1.434097   10.030000   12.780000   60.238403      20.087442
C104.TW.10   57.839935   16.439610   16.870205    4.774791    0.259681    0.051503    1.717090   17.580000   34.079998   94.499588     144.149628
C105.TW.10   39.458294   15.286192   10.217730    3.467995    0.239428    0.043821    1.562093    8.190000   23.939999   98.716339     338.892761
C106.TW.10   50.529633   16.410892    8.807609    2.531681    0.170404    0.031529    1.844956   11.080000   18.279999   86.770645      76.396851
C107.TW.10   55.447746   11.564835    7.680729    1.422648    0.068163    0.023218    2.624206    8.700000   16.590000   93.826759       6.870413
C112.TW.10   20.209997    4.943075    4.781748    1.086640    0.092230    0.025166    3.056495    6.870000   60.869999  120.284134      23.748693
C113.TW.10   32.440723    9.219584    8.775226    1.453529    0.089820    0.027985    2.499964    7.890000   34.549999  105.531631      22.487822
C116.TW.10   36.402981    9.667351    8.632743    1.104816    0.093834    0.020044    1.443970   10.120000   29.740000  111.170525       8.041633
C121.TW.10  207.200974   20.123730    7.815852   13.461467    0.798866    0.249389    3.672730    6.680000    8.630000   45.692432    6432.797852
C123.TW.10   38.792320   13.056650   10.986749    3.573534    0.127416    0.040605    1.780739    1.660000   30.689999  105.334465     160.389206
C124.TW.10    4.824286    1.543558    0.734188    0.519249    0.049114    0.008253    1.384889    3.280000    1.220000  157.395920       3.217888
C129.TW.10    0.000000    0.000000    0.000000    0.000000    0.000000    0.000000    0.000000   -1.000000   -1.000000   99.282486       0.000000
C131.TW.10    0.000000    0.000000    0.000000    0.000000    0.000000    0.000000    0.000000   -1.000000   -1.000000   85.914192       0.000000
C134.TW.10   42.301601   10.075864    7.771365    1.182075    0.073104    0.027272    2.772707    9.960000   37.020000  102.600456       7.494603
C137.TW.10   40.009365    7.148510    5.430405    7.495405    0.239053    0.048759    2.201566   10.540000   13.070000   57.334549    2613.463623
C138.TW.10   34.616936   11.980297   10.969520    2.204659    0.111028    0.037736    3.080019   10.940000   44.369999  106.161530      82.229446
C139.TW.10   64.311356   21.540215   19.418596    4.730832    0.257344    0.048353    1.818302   13.299999   32.020000   96.423927     543.092346
C140.TW.10   40.849731    9.341101    7.005010    0.935093    0.073891    0.019230    2.575694    8.370000   23.959999  105.458099       9.577548
C141.TW.10   46.131145    9.714588    8.164130    0.995724    0.064874    0.018436    1.884793    8.990000   18.240000  102.544937       6.725195
C142.TW.10   50.346268    6.823283    3.471448    1.516162    0.104841    0.027237    2.055529   11.530000   11.170000   82.119392      11.430737
C143.TW.10   69.975670   11.544046    4.023285    2.091984    0.095520    0.024595    3.196617   16.109999   15.950000   88.377914      56.609657
C144.TW.10   45.759586   14.869870   14.345704    3.497567    0.252225    0.050835    1.859987    2.990000   28.809999   97.126328     396.315491
C145.TW.10   32.329628    7.736233    5.655296    1.191449    0.084314    0.030667    2.524116    8.679999    8.330000  112.791397      15.911545
C146.TW.10   56.306290   12.813502    8.602753    3.285098    0.122381    0.032221    1.661630   10.050000   17.170000   96.357681      22.467466
C150.TW.10   59.942165   20.931610   16.633472    5.319169    0.266265    0.059105    1.671459   12.770000   26.650000   90.936134     438.853119
C152.TW.10    0.000000    0.000000    0.000000    0.000000    0.000000    0.000000    0.000000   -1.000000   -1.000000  102.728767       0.000000
C155.TW.10   28.738941   13.159805   11.415622    1.490801    0.126255    0.035795    2.560789    1.620000   34.919998  108.058502      89.048256
C156.TW.10   54.910587   11.883140    6.087410    1.331524    0.114984    0.013422    1.346709    7.040000    6.870000  114.020531      12.518573
C157.TW.10   41.565071   13.360917    9.682071   -1.000000   -1.000000   -1.000000   -1.000000   -1.000000   -1.000000   99.362015       0.000000
D005.TW.10   32.556202    7.864954    5.390939    2.028065    0.149155    0.031288    1.960787   14.349999   14.530000  104.770752      11.440506
D008.TW.10   39.489876    8.644513    4.303657    2.841511    0.150265    0.027126    2.742272   11.830000   13.030000  101.762619       2.861840
D009.TW.10   39.260361   11.029036    5.749551   -1.000000   -1.000000   -1.000000   -1.000000   -1.000000   -1.000000  100.544342       0.000000
D011.TW.10   34.597797    9.799704    6.889554    1.974774    0.223107    0.058917    1.694152   14.210000   29.090000  104.770187     129.008850
D012.TW.10   57.084042   11.355061    3.890401    1.383904    0.161326    0.049865    2.051621   18.379999   13.110000   89.029724      24.769587
D013.TW.10    0.000000    0.000000    0.000000    0.000000    0.000000    0.000000    0.000000   -1.000000   -1.000000   93.740753       0.000000
D014.TW.10   36.273445    8.658122    3.354879    0.350750    0.037037    0.016113    4.577834    7.320000    7.120000   99.895569       3.079978
D015.TW.10   26.714458    6.648675    4.127923    0.718350    0.055694    0.019980    3.834860   20.039999   26.219999  103.202530       4.982714
D017.TW.10   28.834160    7.911669    5.539666    0.392126    0.004119    0.000672    2.055961   19.859999   27.230000  108.478065       6.878593
D020.TW.10    0.000000    0.000000    0.000000    0.000000    0.000000    0.000000    0.000000   -1.000000   -1.000000   72.369987       0.000000
D023.TW.10   28.685991    4.272470    2.567334    0.657519    0.086514    0.032348    3.647334   15.309999   12.000000   88.577248      12.640539
D028.TW.10   19.962351    3.979242    2.754273    1.562971    0.083695    0.031424    2.866391   16.600000   13.670000   70.724846     149.297363
D029.TW.10   18.488171    3.445981    2.282681    1.263278    0.116822    0.034986    3.403850   19.930000   15.110000   76.961372      87.434471
D031.TW.10   22.779596    5.451289    3.632969   -1.000000   -1.000000   -1.000000   -1.000000   -1.000000   -1.000000   95.609230       0.000000
D032.TW.10   34.442940    7.995433    4.948887    1.077756    0.070746    0.027124    4.553334   15.410000   14.490000  100.589951       8.977382
D033.TW.10   18.929945    5.248923    3.443313    0.565728    0.057130    0.021313    3.382930   16.320000   16.930000  106.746864       6.330597
D034.TW.10    6.919841    1.716566    1.543786    1.134990    0.044310    0.012971    3.186145    5.430000    6.750000   89.650276      17.901321
D035.TW.10   25.290026    5.319111    3.436995    0.278216    0.002496    0.000311    2.113810   13.790000   13.929999   94.323326       1.941098
D039.TW.10    5.304022    1.584646    1.254842    0.269086    0.035692    0.013420    3.893985   11.770000   15.210000  124.635338       2.860885
D042.TW.10    5.749017    2.016678    1.463425    0.820754    0.078855    0.030657    3.886562    7.230000    9.860000  129.469040       3.074428
D044.TW.10   30.082338    7.654863    4.366626    1.082112    0.086824    0.021983    3.201181   15.780000   24.830000  105.180878      34.527092
D046.TW.10   13.910047    3.571806    2.358779    0.363698    0.055935    0.033825    4.797364   13.080000   16.959999  134.202423       8.860478
D047.TW.10   19.954390    4.243262    2.867452    1.266075    0.129998    0.029988    3.024335   12.780000   12.880000   62.745281      37.167557
D048.TW.10   31.759287    7.711947    3.251708    0.648870    0.088306    0.041624    5.194437    8.750000    8.990000   85.442169       8.998626
D049.TW.10   12.803230    2.215760    1.796207    1.548597    0.074958    0.015822    2.158134   14.670000   11.620000   72.234032     131.846756
D050.TW.10   54.008686    3.930197    2.446543    4.140517    0.270725    0.048328    1.862933   12.360000   11.800000   44.533714     330.152496
D051.TW.10    8.347650    1.897466    1.637106    0.371992    0.022068    0.007002    3.344954    4.280000    7.410000  103.500542       4.184789
D054.TW.10   37.593304    5.377667    3.042324    5.289053    0.222016    0.033251    1.409275   12.920000   13.170000   51.343002      72.770149
D060.TW.10   24.623325    4.301691    2.434594    0.628816    0.052591    0.021637    3.811201    6.980000   11.960000  104.239029       3.150616
D062.TW.10   31.598639    5.739462    2.542140    1.130871    0.143112    0.024026    1.783198    6.110000    5.840000  109.351746       3.055991
D063.TW.10   30.151407   10.669401    6.825257   -1.000000   -1.000000   -1.000000   -1.000000   -1.000000   -1.000000  107.493835       0.000000
D064.TW.10    0.000000    0.000000    0.000000    0.000000    0.000000    0.000000    0.000000   -1.000000   -1.000000  105.279945       0.000000
D065.TW.10   21.570787    5.110535    4.571333    1.104928    0.151985    0.036789    2.312291   18.410000   18.129999  100.720688       2.192968
D066.TW.10   35.312431    7.290522    3.492509    1.022284    0.070863    0.022573    3.121259   12.740000   16.850000   98.679558       8.823666
D067.TW.10   24.725986    6.063656    3.846564    0.194217    0.012292    0.001050    1.226846   15.940000   15.700000   96.022476       2.142005
D068.TW.10   36.006760    5.333236    3.752880    1.697919    0.116845    0.039969    3.204692    5.110000   10.090000   69.597244      36.131210
D069.TW.10   17.774862    2.324195    2.072164    2.347698    0.093339    0.020615    1.810649   14.219999    9.050000   61.667435     329.615570
D070.TW.10    0.000000    0.000000    0.000000    0.000000    0.000000    0.000000    0.000000   -1.000000   -1.000000   82.425522       0.000000
D071.TW.10   29.902853    6.283936    2.842742    1.150393    0.101179    0.034920    3.133523   16.150000   20.029999   88.419579      18.694540
D072.TW.10   13.683585    3.094843    1.792242    0.229697    0.002327    0.000282    1.948912   10.090000   17.900000   80.693504       1.529804
D074.TW.10   27.010040    6.533651    3.032565    3.719943    0.157962    0.032364    1.727520   16.270000   18.340000   89.966743     327.203339
D075.TW.10   32.917995    6.761666    3.976522    1.416429    0.085437    0.026297    3.260722   16.190001   15.990000  101.399208      15.206724
D076.TW.10   21.679800    4.256431    3.200336    0.856713    0.069452    0.021044    2.685887   13.759999   12.870000  102.460953      38.518505
D077.TW.10   20.348261    2.344367    1.765899    4.912747    0.123240    0.021509    1.239359    8.120000    6.030000   64.930099     738.621338
D079.TW.10   10.387861    1.836133    1.697097    1.304377    0.044295    0.013022    2.251266    3.750000    5.730000   84.180542      48.053791
D084.TW.10    8.668601    3.653314    2.916328    0.814266    0.105763    0.031996    1.746638   21.949999   51.289997  122.464966       8.242045
D085.TW.10    0.000000    0.000000    0.000000    0.000000    0.000000    0.000000    0.000000   -1.000000   -1.000000   93.665764       0.000000
D086.TW.10   32.697269    8.912530    6.325260   -1.000000   -1.000000   -1.000000   -1.000000   -1.000000   -1.000000   99.687477       0.000000
D088.TW.10   24.341875    4.336752    2.188312    0.261682    0.002029    0.000200    1.085088    8.660000   19.619999  105.780594       4.170967
D090.TW.10   41.370834   13.360611    4.266385    1.146405    0.079628    0.026885    3.435204   12.270000   12.690000  100.949905      13.435293
D091.TW.10    8.439432    3.009360    1.680047    0.337459    0.037393    0.020321    4.586737   26.219999   25.879999  141.721680       2.753570
D097.TW.10    4.733074    1.826618    1.271938    0.380598    0.037388    0.013562    3.326619    7.490000   10.179999  112.975319       2.842404
D103.TW.10   25.416962    5.074412    2.896544    0.440238    0.003406    0.000288    0.905102    5.760000   29.549999  108.007317       2.555164
D104.TW.10   53.946285    9.791718    2.691700    0.817677    0.091507    0.027136    2.392102    6.470000    6.770000  105.547180       1.971623
D105.TW.10   92.709625   12.015871    3.772906    3.174233    0.330293    0.049492    1.603505   14.920000   19.109999   78.988838     111.933403
D106.TW.10   30.158339    8.028946    4.182771    1.351011    0.086451    0.025389    2.717852   20.160000   20.400000  107.524063       2.405865
D107.TW.10   43.324772    9.780708    2.487313    0.633319    0.008872    0.000579    1.041771    4.990000    5.360000  110.147758       8.150601
D108.TW.10   51.730995   11.298276    7.791538   -1.000000   -1.000000   -1.000000   -1.000000   -1.000000   -1.000000  106.338486       0.000000
D109.TW.10   41.434341   10.611938    7.353532    0.989393    0.061912    0.013440    1.410456   18.770000   33.369999  105.694420       8.777759
D110.TW.10   30.977068    7.099877    2.736446    1.003033    0.092808    0.022482    1.818586    7.600000    7.760000  111.943535       2.830378
D111.TW.10   25.130028    5.573583    2.914310    1.739938    0.122592    0.034878    2.794150   14.650000   19.070000   86.076050      62.685562
D112.TW.10   28.304914    7.139453    3.933087    1.041189    0.095468    0.032743    2.969683   15.410000   15.210000   91.324821      29.737329
D113.TW.10   12.847081    4.351577    3.201105    0.428387    0.039961    0.014167    3.553232   10.950000   12.240000  105.929985       3.049053
D114.TW.10   22.977758    5.938349    3.753025    0.968585    0.083800    0.027425    3.216258   23.139999   26.920000   99.025757      28.752851
D115.TW.10   13.603098    3.071004    2.172873    0.354571    0.035345    0.013579    2.371117   16.779999   15.940000  107.587555       3.241209
D117.TW.10    6.301340    1.812466    1.462635    0.596375    0.040885    0.010501    1.801363    4.580000    3.840000  113.403381      22.007450
D120.TW.10   17.973228    3.971694    2.513526    2.735349    0.111590    0.024009    1.412248    3.930000   31.840000   97.426956     490.731781
D122.TW.10   35.539219    7.765838    3.409334   -1.000000   -1.000000   -1.000000   -1.000000   -1.000000   -1.000000   98.477043       0.000000
D123.TW.10   53.503235    7.027653    3.848128   -1.000000   -1.000000   -1.000000   -1.000000   -1.000000   -1.000000   77.673958       0.000000
D126.TW.10   48.351727    4.334572    2.819776    8.715647    0.244724    0.028633    1.055256   11.900000   11.950000   43.107861     410.188446
E004.TW.10   20.862579    6.456407    3.832854   -1.000000   -1.000000   -1.000000   -1.000000   -1.000000   -1.000000  187.490692       0.000000
E015.TW.10   10.790125    2.226172    2.083786    1.401159    0.075229    0.016358    2.521277   12.280000   19.080000  188.498749       9.684732
E020.TW.10    0.000000    0.000000    0.000000    0.000000    0.000000    0.000000    0.000000   -1.000000   -1.000000  184.152771       0.000000
E022.TW.10   13.816971    2.297995    1.998237    0.892904    0.050882    0.019184    3.023216    7.890000   14.389999  175.216553      15.773090
E023.TW.10   13.838086    2.799407    2.578492    0.948709    0.057364    0.023654    2.483757    8.889999   18.359999  175.447418       7.326473
E026.TW.10   26.654198    4.986354    1.903334    0.810131    0.076411    0.017746    1.807219   14.480000   14.639999  179.556808      18.770208
E033.TW.10   12.504869    1.713254    1.221509    0.455228    0.004136    0.000116    0.396031   10.389999   13.710000  201.231750       2.122070
E035.TW.10   22.795370    4.268206    2.112308    0.945119    0.052941    0.015787    2.997196   13.410000   13.559999  195.099030      35.893288
E037.TW.10   23.093775    4.141253    2.275818    1.232599    0.077582    0.021547    1.828774    8.340000    8.710000  185.398895      26.150555
E042.TW.10   22.466036    4.480344    2.388830    0.693366    0.062434    0.014344    2.209567   13.250000   13.380000  181.897171       6.380234
E046.TW.10   16.390350    2.417901    1.606733    0.796953    0.062987    0.017695    2.671752    7.680000   13.380000  177.689072       7.587934
E049.TW.10   23.094555    5.797413    2.808512    0.720912    0.076315    0.024648    2.856552   11.590000   28.920000  188.543762      15.797410
E050.TW.10   13.639319    1.521005    1.194829    1.054391    0.038551    0.013217    3.230492    5.440000   10.510000  153.012497       4.692144
E053.TW.10   20.163052    2.632573    1.683807    1.288578    0.053727    0.015718    3.008625    4.330000   10.920000  142.735718       6.410577
E059.TW.10   14.638610    3.650442    2.076859    0.494952    0.033936    0.007454    1.698752   10.650000   20.260000  180.698761       4.971865
E060.TW.10    8.123646    1.443377    1.456338    0.978061    0.041812    0.007953    2.754389    9.400000    8.670000  172.001587       4.485978
E062.TW.10   18.599432    2.122473    1.147182    1.397578    0.064036    0.010905    2.119992    4.840000    4.950000  159.134094       6.350840
E067.TW.10   34.544346    3.784736    1.934043    1.880221    0.119400    0.023368    1.318594   13.700000   17.449999  144.877808      60.364906
E068.TW.10   34.426594    4.217822    1.357891    1.840219    0.093017    0.013602    1.431791    7.210000    7.350000  174.717316       8.038275
E069.TW.10    4.427050    2.409611    2.773486    0.559937    0.004862    0.001940   10.000000    7.690000   14.130000  203.199799      11.459979
E072.TW.10    0.000000    0.000000    0.000000    0.000000    0.000000    0.000000    0.000000   -1.000000   -1.000000  182.320908       0.000000
E075.TW.10   26.978472    2.516569    1.281147    0.373470    0.002553    0.000765    5.741777    3.970000    3.840000  156.083618       6.443109
E076.TW.10   22.766483    2.837747    1.448261    1.494414    0.070468    0.016758    2.247350    7.380000   12.420000  173.629913       7.436896
F002.TW.10  118.124611   18.556902   13.813375    2.963192    0.318621    0.118591    2.712204   10.809999   12.219999   60.383781     205.676285
F004.TW.10  531.415039   94.506958   30.948687   -1.000000   -1.000000   -1.000000   -1.000000   -1.000000   -1.000000    6.128388       0.100000
F015.TW.10   37.929428    5.014973    3.517604   -1.000000   -1.000000   -1.000000   -1.000000   -1.000000   -1.000000   99.391434       0.000000
F019.TW.10   51.710865    8.870297    6.672337    1.954152    0.130821    0.047171    4.529061   15.500000   17.279999  101.653885      16.288235
F020.TW.10   58.593658    5.516654    4.242605    3.503011    0.093299    0.018713    1.775268    6.690000    9.250000   78.410858      62.068459
F026.TW.10   28.347727    3.213596    2.506999    1.789969    0.068429    0.019536    2.567923    6.220000    6.320000  116.668396       8.504379
F028.TW.10   37.359505    7.465717    4.821927    3.305211    0.083822    0.037948    3.412262    9.070000   13.099999  105.471870      19.266645
F033.TW.10    0.000000    0.000000    0.000000    0.000000    0.000000    0.000000    0.000000   -1.000000   -1.000000   66.871124       0.000000
F036.TW.10  256.952209   48.585381   24.809490   10.594961    0.623493    0.075098    1.085577    6.590000    6.240000   43.441788     484.812195
F037.TW.10  652.153076  118.492012   52.719330   39.360592    0.943395    0.161976    1.247696    7.900000    8.260000   39.822281   12195.564453
F039.TW.10  239.098068   19.284370    5.328676   24.393642    0.611108    0.107107    1.470739    4.270000    3.620000   31.464285    5218.706543
F041.TW.10  345.510559   41.818237   14.927954   60.815159    2.273132    0.509824    1.951410    4.890000    6.480000   17.363300  328523.500000
F042.TW.10  527.275940  114.482399   27.438675   75.920288    6.891606    1.725367    1.731009    6.200000    6.280000   11.043239 1665429.750000
F043.TW.10   58.225136   14.757887   10.838430   -1.000000   -1.000000   -1.000000   -1.000000   -1.000000   -1.000000   72.219360       0.000000
F044.TW.10  127.429939   16.932550   14.711447   -1.000000   -1.000000   -1.000000   -1.000000   -1.000000   -1.000000   66.281380       0.000000
F045.TW.10   17.487959    3.095384    2.246367    2.488395    0.095590    0.020985    1.939114    7.040000   13.330000  141.065186       2.055087
F048.TW.10   32.297966    6.890113    3.002180    2.741276    0.099435    0.032447    3.481647   15.139999   11.599999  103.827347      33.109848
F049.TW.10    0.000000    0.000000    0.000000    0.000000    0.000000    0.000000    0.000000   -1.000000   -1.000000  101.550003       0.000000
F053.TW.10   41.983330    1.709306    0.378776   38.103218    0.684665    0.309646    6.386470    0.730000    1.120000   31.966156      17.675121
F054.TW.10  440.675201  115.468315   36.766426   10.195104    0.544158    0.054369    2.289723    7.090000    7.220000   35.579468     143.388428
F058.TW.10   40.580456    4.327805    2.948430    7.348943    0.167464    0.019266    1.022837    6.660000   10.389999   96.226105     235.191528
F059.TW.10    0.000000    0.000000    0.000000    0.000000    0.000000    0.000000    0.000000   -1.000000   -1.000000   86.787285       0.000000
F067.TW.10  127.263435   11.337789    6.399879   16.709332    0.237079    0.039197    1.552297    4.870000    8.080000   73.391068       6.279030
F068.TW.10   49.851368   11.116220    6.268390    2.832468    0.048507    0.011957    3.207445   14.230000   14.380000   91.212242       9.096590
F071.TW.10  143.027893   17.051586    9.610328    6.513269    0.195669    0.034052    1.197672    3.760000    9.290000   63.014832     173.996643
F072.TW.10   45.608559    4.080393    2.577538    5.628995    0.167086    0.019729    1.097173    5.730000   10.770000  121.590431      55.836422
F073.TW.10  519.312195   62.848209   33.643593   30.443617    0.864138    0.154051    2.674054    7.850000    7.250000   25.987062    1183.062256
F074.TW.10   69.788391   12.882133    9.678400    2.002556    0.153416    0.046601    3.300156   10.410000   10.809999   80.712616      11.858286
F075.TW.10  384.029572   44.747906   15.068946   13.026352    0.405718    0.037479    1.007377    6.530000    6.000000   41.913311    4495.963867
G001.TW.10  268.020386   34.570358   17.404200   17.096228    1.353746    0.218460    1.359657    8.370000   10.030000   32.280125    8758.298828
G002.TW.10  109.559532   17.737133    7.388093   15.398823    0.969582    0.154695    1.813213    8.480000   12.330000   21.389854   19039.845703
G003.TW.10   21.145664    3.144761    2.292743    3.043289    0.069347    0.011832    1.176350    5.760000    4.720000   61.362911     437.802917
G011.TW.10    0.000000    0.000000    0.000000    0.000000    0.000000    0.000000    0.000000   -1.000000   -1.000000   40.567356       0.000000
G014.TW.10  267.807617   33.308247   12.259527   16.351082    0.731363    0.171729    2.652260   12.059999   11.969999   18.339411    4833.837402
G015.TW.10   59.488102   16.351974    8.542185    5.056434    0.191665    0.030314    1.729363   17.330000   16.910000   43.189117     822.645081
G016.TW.10    7.633912    2.124979    1.666743    0.768712    0.044012    0.008281    1.742886   15.679999   15.450000   92.010269      15.422752
G017.TW.10    7.571726    0.787321    0.831791    0.376369    0.019107    0.006493    3.650898    0.000000   36.750000  127.540932       4.866999
G020.TW.10  302.627991   40.977806   19.942389   -1.000000   -1.000000   -1.000000   -1.000000   -1.000000   -1.000000    2.168996       0.000000
G021.TW.10  289.632355   13.266184    6.582808   -1.000000   -1.000000   -1.000000   -1.000000   -1.000000   -1.000000    4.880241       0.000000
G022.TW.10  448.381653   96.868370   38.287037   -1.000000   -1.000000   -1.000000   -1.000000   -1.000000   -1.000000    5.337647       0.100000
G023.TW.10  168.699158   37.068527   12.764739   48.945385    1.772977    0.251050    1.259169   12.250000   12.580000   10.506743  516999.562500
G024.TW.10    0.000000    0.000000    0.000000    0.000000    0.000000    0.000000    0.000000   -1.000000   -1.000000   20.641796       0.000000
G025.TW.10   73.415459    6.963884    2.576733   11.488175    0.309821    0.087810    1.718126   12.650000    9.860000   29.054491    6080.804688
G026.TW.10   57.583641    7.064761    5.138328   14.741877    0.335993    0.063598    1.246794   10.460000   12.090000   32.965126   11409.750977
G028.TW.10   43.909637    6.954506    4.233182    5.944377    0.204236    0.033047    1.024023   10.870000   10.780000   42.623383    2386.381592
G030.TW.10   24.304409    3.700911    2.450968    5.108101    0.094871    0.020736    1.654274    5.690000    4.680000   52.127102    1744.366943
G031.TW.10    0.000000    0.000000    0.000000    0.000000    0.000000    0.000000    0.000000   -1.000000   -1.000000   36.359165       0.000000
G032.TW.10    9.311988    0.634538    0.290527   -1.000000   -1.000000   -1.000000   -1.000000   -1.000000   -1.000000   24.792553       0.000000
G033.TW.10  143.813721   19.853195   11.448033   12.396170    0.803798    0.155592    2.153377    6.460000   11.469999   20.836391    4291.685059
G035.TW.10   71.622688   11.443920    9.191790    5.531047    0.297212    0.065196    2.354401    9.320000   16.510000   29.113411    1249.583862
G037.TW.10   23.379387    2.568949    1.742705    1.662732    0.059449    0.007248    1.126449    5.690000   12.320000   71.446846     151.526886
G038.TW.10    9.167541    2.141523    1.522517    1.363143    0.035916    0.004512    0.752316    6.400000   11.990000   79.648460     128.032059
G041.TW.10  305.866455   15.574165    1.876086   -1.000000   -1.000000   -1.000000   -1.000000   -1.000000   -1.000000    7.714640       0.000000
G045.TW.10  138.944260   27.956858    8.890626   -1.000000   -1.000000   -1.000000   -1.000000   -1.000000   -1.000000   18.910114       0.100000
G046.TW.10    0.000000    0.000000    0.000000    0.000000    0.000000    0.000000    0.000000   -1.000000   -1.000000   20.099890       0.000000
G047.TW.10   44.741573    8.233358    4.858099    2.995716    0.224990    0.041683    1.672574    9.830000   11.360000   33.998859     144.552628
G048.TW.10   13.032286    0.571602    0.158554    7.354758    0.305135    0.039418    0.736216    0.000000    0.000000   42.245972    3662.644043
G049.TW.10    0.000000    0.000000    0.000000    0.000000    0.000000    0.000000    0.000000   -1.000000   -1.000000   46.339767       0.000000
G051.TW.10    0.000000    0.000000    0.000000    0.000000    0.000000    0.000000    0.000000   -1.000000   -1.000000   18.653633       0.000000
G052.TW.10   11.811797    1.805553    1.366856    2.320162    0.065496    0.013281    1.306092    3.230000    4.520000   65.045326     352.542877
G053.TW.10    9.853188    2.729601    2.465469    0.936755    0.056988    0.013803    1.276385   14.530000   14.759999   91.055038      23.697121
G055.TW.10   62.390713    8.804000    3.475785    1.649079    0.128265    0.028875    2.668601    8.440000    9.010000   58.601120      93.669556
G057.TW.10  257.117920   26.463339    7.636733   34.007225    1.121442    0.239649    1.976161   12.780000   12.960000   18.391777  313214.406250
G060.TW.10    6.325586    2.199524    1.735296    0.926152    0.040272    0.012254    3.593457   12.660000   12.910000   94.225494      38.430359
G061.TW.10  310.696533   33.402489   16.335968   -1.000000   -1.000000   -1.000000   -1.000000   -1.000000   -1.000000    1.159724       0.000000
I002.TW.10    0.698593    0.329104    0.309277    0.242984    0.058066    0.031159    3.706676    0.000000    0.000000  328.242004       1.773979
J001.TW.10    1.470877    0.397082    0.439308    0.298910    0.022194    0.007746    3.668325    0.000000    0.000000  359.568268       1.622070
